-3.662003 0.4985424 -3.090439 0.01278269 0.965329 -0.05554534 0.2547377
-3.663844 0.4986451 -3.09107 0.01271874 0.9652713 -0.05606206 0.2548463
-3.663265 0.4986595 -3.090609 0.01291245 0.9653081 -0.05617473 0.2546723
-3.662664 0.4987242 -3.090158 0.01289559 0.9653483 -0.0562427 0.2545058
-3.663741 0.4988179 -3.09097 0.01273233 0.9653389 -0.05597378 0.2546089
-3.663267 0.4988138 -3.09048 0.01278618 0.965316 -0.05594051 0.2547002
-3.662776 0.4988032 -3.090071 0.01283717 0.9653618 -0.0559171 0.2545291
-3.6639 0.4988438 -3.09102 0.01271132 0.9654233 -0.05586927 0.2543127
-3.663458 0.4988461 -3.090637 0.01265764 0.9654144 -0.05583482 0.2543567
-3.662978 0.4988567 -3.090293 0.0126901 0.9653782 -0.05594571 0.254468
-3.663977 0.4988329 -3.091289 0.01257756 0.9653956 -0.05612521 0.2543681
-3.663517 0.4988788 -3.0909 0.01245305 0.9653627 -0.05592436 0.2545432
-3.663054 0.4989285 -3.090487 0.01222572 0.9653244 -0.05556606 0.2547779
-3.664044 0.4990042 -3.091202 0.01218387 0.9653314 -0.05547994 0.2547719
-3.6635 0.499033 -3.091041 0.01232889 0.9653401 -0.05570764 0.2546826
-3.662977 0.4990513 -3.090912 0.01248077 0.9653857 -0.05594444 0.2544503
-3.664054 0.4989147 -3.09198 0.01244194 0.9655081 -0.05610088 0.253953
-3.663702 0.498835 -3.091737 0.01238081 0.9655443 -0.05591204 0.2538597
-3.663221 0.498683 -3.091463 0.01250217 0.965554 -0.05577572 0.2538469
-3.664541 0.4983799 -3.092066 0.01253489 0.965651 -0.05597571 0.2534317
-3.663849 0.4982686 -3.092003 0.01280656 0.9656949 -0.05649541 0.2531356
-3.663174 0.4982174 -3.091842 0.01286557 0.9657645 -0.05664036 0.2528346
-3.664388 0.4980071 -3.092052 0.01278526 0.9658251 -0.05648705 0.2526413
-3.66393 0.4979638 -3.091641 0.01280227 0.9658123 -0.05623542 0.2527457
-3.663516 0.4979441 -3.091248 0.01272762 0.9658021 -0.05593484 0.2528549
-3.664658 0.4978495 -3.091404 0.01271081 0.9658608 -0.05595028 0.252628
-3.66407 0.4978086 -3.091232 0.01267937 0.965894 -0.0562144 0.2524439
-3.663467 0.4977105 -3.091031 0.01277977 0.9658639 -0.05663365 0.2524605
-3.664859 0.4971571 -3.091317 0.01266241 0.9659553 -0.05641581 0.2521655
-3.664252 0.4970098 -3.091128 0.01272178 0.9660054 -0.05652223 0.2519462
-3.663556 0.4968654 -3.090988 0.01295257 0.9660263 -0.05708768 0.2517267
-3.664559 0.4966945 -3.09145 0.01278079 0.9661006 -0.05691905 0.2514884
-3.663888 0.496667 -3.091275 0.01281822 0.9661727 -0.05703125 0.2511841
-3.663193 0.4966462 -3.091065 0.01293412 0.9662632 -0.05724391 0.2507814
-3.663657 0.4969254 -3.091552 0.0128516 0.9664568 -0.05667139 0.2501689
-3.662942 0.4968432 -3.091125 0.01273018 0.9666328 -0.05610045 0.2496232
-3.662115 0.4967145 -3.090662 0.01257899 0.966735 -0.05566765 0.2493317
-3.662208 0.4968679 -3.090856 0.01259205 0.966856 -0.05543444 0.2489137
-3.660912 0.4966548 -3.090576 0.0127523 0.9669171 -0.05555232 0.2486417
-3.659436 0.4964352 -3.09036 0.01302961 0.9669051 -0.05619054 0.2485305
-3.658666 0.496429 -3.091102 0.01324931 0.9669661 -0.05676612 0.2481505
-3.657049 0.4961394 -3.090788 0.01343978 0.9670768 -0.05693157 0.2476704
-3.655349 0.495832 -3.090371 0.01371551 0.9672208 -0.05689133 0.2471016
-3.654305 0.4954393 -3.090667 0.01390913 0.9673889 -0.05662025 0.2464947
-3.652225 0.4951682 -3.090149 0.01410815 0.9675643 -0.05638583 0.2458472
-3.649789 0.4948316 -3.089675 0.01452819 0.967731 -0.05648693 0.2451427
-3.647796 0.49412 -3.089935 0.01495868 0.9679678 -0.05643333 0.2441921
-3.644833 0.4935988 -3.089532 0.01546645 0.9681546 -0.05637987 0.2434314
-3.641543 0.4930252 -3.089249 0.0161624 0.9681879 -0.05727291 0.2430447
-3.639145 0.4925238 -3.089163 0.01652071 0.9682018 -0.05823411 0.2427368
-3.635413 0.4918693 -3.088831 0.01681364 0.9682202 -0.05865482 0.2425421
-3.631363 0.4911748 -3.088617 0.01739669 0.9682618 -0.05964903 0.2420919
-3.628528 0.4905564 -3.088318 0.01802883 0.9684712 -0.06040524 0.2410181
-3.624172 0.4899511 -3.087916 0.01851839 0.9688119 -0.06009287 0.2396861
-3.619702 0.4894078 -3.087438 0.01900596 0.9691471 -0.05977604 0.2383687
-3.616226 0.4887552 -3.087058 0.01948264 0.9694759 -0.05949862 0.2370588
-3.61153 0.4883828 -3.086631 0.02004099 0.9697684 -0.05959953 0.2357871
-3.606671 0.4881657 -3.08629 0.02053783 0.9699824 -0.06040318 0.2346566
-3.603239 0.4887235 -3.087001 0.02036071 0.9702162 -0.0609199 0.2335698
-3.598308 0.4888906 -3.086384 0.01983234 0.9704011 -0.06058465 0.2329332
-3.593308 0.4890724 -3.08573 0.01951248 0.9705144 -0.06039714 0.2325365
-3.590183 0.4899779 -3.085277 0.01931775 0.9705842 -0.06038972 0.2322635
-3.585121 0.4902233 -3.084897 0.0194642 0.9706624 -0.06101508 0.2317604
-3.579987 0.4904944 -3.084522 0.01948297 0.9707796 -0.06143806 0.2311554
-3.575952 0.4909313 -3.084409 0.01916814 0.9709596 -0.06152995 0.2303999
-3.570747 0.491165 -3.083954 0.01873916 0.9711378 -0.06158292 0.2296688
-3.565479 0.4913337 -3.083411 0.01827464 0.9712777 -0.06152289 0.2291304
-3.561857 0.4917715 -3.083289 0.01774526 0.9714192 -0.06140809 0.2286023
-3.556315 0.4917905 -3.082847 0.0176568 0.9714658 -0.06186857 0.2282867
-3.550512 0.4917397 -3.082577 0.01789445 0.9715332 -0.06292354 0.2276922
-3.546312 0.4921217 -3.083117 0.01833153 0.9716869 -0.06417821 0.2266488
-3.540247 0.4919345 -3.082765 0.01895833 0.9718192 -0.06509087 0.2257682
-3.534214 0.4917592 -3.082062 0.01937145 0.9719602 -0.06514176 0.2251103
-3.529686 0.4919228 -3.081893 0.01922158 0.9721835 -0.06405891 0.2244688
-3.52366 0.4919734 -3.080901 0.01894811 0.9722686 -0.06326453 0.2243489
-3.517492 0.4920363 -3.080039 0.01897341 0.9722372 -0.06319402 0.2245024
-3.51247 0.492207 -3.079726 0.01918853 0.9722169 -0.06351011 0.2244831
-3.505827 0.492212 -3.079275 0.01988858 0.9721318 -0.06484064 0.2244104
-3.49913 0.49218 -3.078614 0.02057838 0.9720193 -0.06554635 0.2246302
-3.493472 0.4920521 -3.078644 0.02115241 0.9719317 -0.06593547 0.2248417
-3.486561 0.4919363 -3.07798 0.02177173 0.9718337 -0.06637956 0.2250756
-3.479554 0.4918587 -3.077337 0.02216673 0.9717369 -0.06662762 0.2253814
-3.473639 0.4919097 -3.07723 0.02274269 0.9716498 -0.06741554 0.2254655
-3.466367 0.4918453 -3.076872 0.02344621 0.9716166 -0.06817906 0.2253066
-3.459106 0.4917986 -3.076425 0.02408034 0.9715561 -0.06866141 0.2253542
-3.452827 0.491876 -3.076298 0.02442494 0.9714593 -0.06867931 0.2257291
-3.445563 0.4918418 -3.075629 0.02458424 0.9713296 -0.06844188 0.2263406
-3.438132 0.4918427 -3.075085 0.02461308 0.9712026 -0.06852739 0.2268562
-3.431495 0.4920069 -3.075661 0.02457893 0.9711424 -0.06872964 0.2270565
-3.423964 0.4920191 -3.075412 0.02480463 0.9711149 -0.06901839 0.227062
-3.416323 0.4920382 -3.075251 0.02511027 0.9711237 -0.06973431 0.2267716
-3.409333 0.4921846 -3.075778 0.02530009 0.9711309 -0.07022578 0.226568
-3.401799 0.4922512 -3.075413 0.02540359 0.9712397 -0.0698297 0.2262122
-3.394372 0.4923407 -3.074798 0.0254406 0.9713155 -0.06872216 0.2262219
-3.387865 0.4924863 -3.07497 0.02537745 0.9713886 -0.06819701 0.2260739
-3.38051 0.492708 -3.074457 0.02506211 0.9714972 -0.06766383 0.2258025
-3.373116 0.4929793 -3.073985 0.02467007 0.9716316 -0.06730208 0.2253747
-3.366753 0.4932102 -3.074039 0.02423528 0.9717671 -0.06729986 0.2248381
-3.359529 0.4932489 -3.073445 0.02398333 0.9718586 -0.066888 0.2245924
-3.352197 0.4929888 -3.072962 0.02418507 0.9720094 -0.06702626 0.2238758
-3.345733 0.4925879 -3.073442 0.02464402 0.9721442 -0.06734152 0.2231443
-3.338231 0.4920388 -3.073076 0.02542663 0.9722773 -0.06780574 0.2223345
-3.330703 0.4915681 -3.072639 0.02591121 0.9725184 -0.06789654 0.2211937
-3.32433 0.4912383 -3.072264 0.02595118 0.9727039 -0.06709898 0.2206159
-3.317115 0.4908851 -3.071323 0.02594266 0.9728135 -0.06621716 0.2204003
-3.309945 0.4905013 -3.070614 0.02593482 0.9729093 -0.06617578 0.2199899
-3.304344 0.4900002 -3.070845 0.02614427 0.9729185 -0.06693272 0.2196954
-3.297492 0.4892973 -3.07047 0.02667573 0.9728512 -0.06757156 0.2197343
-3.290876 0.4884003 -3.070327 0.02731258 0.9728508 -0.06823129 0.2194537
-3.286794 0.487342 -3.071286 0.02767936 0.9728726 -0.06897119 0.2190795
-3.280959 0.4863273 -3.071589 0.027906 0.9728739 -0.06909388 0.2190065
-3.275421 0.4854221 -3.072113 0.02806467 0.9727752 -0.06916271 0.2194022
-3.273654 0.4844216 -3.074027 0.02832869 0.9725279 -0.07043036 0.2200604
-3.268626 0.4836416 -3.07547 0.02892581 0.9723767 -0.071578 0.2202802
-3.263687 0.4828745 -3.077269 0.02954942 0.9724758 -0.0716971 0.2197208
-3.263864 0.4819468 -3.081032 0.02998528 0.9725464 -0.07237192 0.2191272
-3.259166 0.481259 -3.08362 0.0302462 0.9726078 -0.07299782 0.2186106
-3.254634 0.4805609 -3.086497 0.03012747 0.9726778 -0.07319538 0.218249
-3.256536 0.4800557 -3.092442 0.02977699 0.972609 -0.07364482 0.2184525
-3.252445 0.4794729 -3.095878 0.0292542 0.9724419 -0.07414423 0.2190973
-3.248355 0.4790138 -3.099579 0.02812344 0.9725463 -0.07332259 0.2190581
-3.248619 0.4788119 -3.105645 0.02678097 0.9727839 -0.07267336 0.2183868
-3.244483 0.478377 -3.110444 0.02570796 0.972861 -0.07310648 0.2180276
-3.240345 0.4779571 -3.115573 0.02436173 0.9729465 -0.07302951 0.2178262
-3.24059 0.4777294 -3.123048 0.02309233 0.97293 -0.07324539 0.2179659
-3.236274 0.4772582 -3.129028 0.02220473 0.9729282 -0.07360655 0.2179445
-3.231839 0.4766795 -3.135377 0.0214198 0.9731408 -0.07320165 0.2172092
-3.228467 0.4760526 -3.142807 0.02083159 0.973268 -0.07341228 0.2166243
-3.223694 0.4752952 -3.149604 0.02050907 0.9732729 -0.0736805 0.2165423
-3.218741 0.4744547 -3.156352 0.02017486 0.9732461 -0.07294419 0.2169427
-3.215043 0.4736279 -3.163858 0.02008805 0.9731621 -0.07169634 0.2177425
-3.209362 0.4727833 -3.171216 0.0207983 0.973049 -0.07103163 0.218398
-3.203153 0.4720314 -3.179474 0.02191105 0.9729631 -0.0721062 0.2183195
-3.19787 0.4714839 -3.189119 0.0226627 0.972849 -0.0737059 0.218217
-3.191622 0.471265 -3.198075 0.02287704 0.9726805 -0.0746005 0.2186414
-3.185811 0.4711021 -3.206977 0.02245635 0.9726142 -0.07428905 0.2190858
-3.181638 0.4707621 -3.216592 0.02181563 0.9724907 -0.07391687 0.2198232
-3.176394 0.4701491 -3.225523 0.02142814 0.9722903 -0.07389999 0.2207512
-3.171336 0.4695373 -3.234618 0.020928 0.9721857 -0.0734667 0.2214036
-3.167324 0.4689093 -3.244487 0.02058876 0.9719505 -0.07364859 0.2224053
-3.162546 0.4682594 -3.253829 0.02052492 0.9715363 -0.07509797 0.2237323
-3.15797 0.4674546 -3.263136 0.02072379 0.9711214 -0.07733511 0.2247509
-3.154549 0.4668527 -3.273056 0.02121842 0.9709944 -0.07927796 0.2245768
-3.150532 0.4658289 -3.28148 0.02168322 0.9712924 -0.07862682 0.2234698
-3.146657 0.4646424 -3.289395 0.02239296 0.971871 -0.07626281 0.2216966
-3.142921 0.4634126 -3.297511 0.02391464 0.9724341 -0.07614406 0.2190939
-3.138605 0.4623638 -3.305859 0.02585876 0.972634 -0.07950097 0.2167813
-3.134405 0.4615732 -3.313704 0.02726591 0.9726331 -0.08286839 0.2153471
-3.130941 0.4610023 -3.320982 0.02789706 0.9725534 -0.08404965 0.215168
-3.127361 0.460496 -3.326889 0.02823332 0.9722058 -0.084371 0.2165651
-3.123764 0.4598229 -3.332388 0.02872777 0.9718003 -0.08456403 0.2182378
-3.120369 0.4589818 -3.338003 0.02939272 0.9715512 -0.08472904 0.2191924
-3.116338 0.4580791 -3.343606 0.02994314 0.9713798 -0.08512367 0.2197244
-3.111973 0.4572189 -3.349387 0.03005752 0.9713855 -0.08533799 0.2195999
-3.107692 0.4565967 -3.355899 0.02999959 0.9713525 -0.08691808 0.2191337
-3.102898 0.4557288 -3.36244 0.03034714 0.9710916 -0.08972809 0.2191095
-3.098013 0.4548289 -3.368746 0.03072378 0.9708921 -0.09099269 0.2194195
-3.093081 0.4540354 -3.375177 0.03116876 0.970866 -0.09131268 0.2193395
-3.087618 0.4531696 -3.381665 0.03195057 0.9709206 -0.09199138 0.2187006
-3.081928 0.4524501 -3.388074 0.03228644 0.9711298 -0.0915724 0.2178966
-3.075985 0.4519727 -3.394824 0.0323374 0.9715466 -0.08982587 0.216755
-3.069501 0.4511638 -3.401824 0.03295565 0.9718297 -0.08990347 0.2153566
-3.06252 0.4504135 -3.409088 0.03324521 0.972046 -0.08980728 0.2143736
-3.054679 0.4498821 -3.417234 0.03360731 0.9721146 -0.08993659 0.2139513
-3.046282 0.4491688 -3.425247 0.03441972 0.9720345 -0.09129541 0.2136103
-3.037479 0.4485405 -3.43311 0.0347285 0.9720684 -0.09074911 0.2136389
-3.027175 0.4481902 -3.442296 0.0350332 0.9721618 -0.08953553 0.2136759
-3.017429 0.4475898 -3.450889 0.03568951 0.9721965 -0.08996858 0.2132274
-3.007435 0.4470783 -3.459478 0.03581753 0.9723582 -0.0895379 0.2126489
-2.997073 0.4469431 -3.468627 0.03556535 0.9728368 -0.08841762 0.2109647
-2.986371 0.4464817 -3.477494 0.0349957 0.9734935 -0.0863509 0.2088761
-2.975466 0.4462083 -3.48648 0.0343785 0.9741194 -0.08346625 0.2072268
-2.963768 0.4462127 -3.496887 0.03429625 0.9745743 -0.08281842 0.2053531
-2.952295 0.4464171 -3.507278 0.03433511 0.9748471 -0.08471925 0.2032655
-2.941095 0.4470633 -3.517535 0.03340349 0.9750671 -0.08611188 0.2017747
-2.929632 0.4482529 -3.52896 0.03171331 0.9752654 -0.08710358 0.2006603
-2.918937 0.4494292 -3.539145 0.02967161 0.9755414 -0.08865798 0.1989432
-2.908447 0.4507087 -3.549611 0.02752224 0.9757559 -0.09192007 0.1967074
-2.898606 0.4520532 -3.560598 0.0254252 0.9761014 -0.09511318 0.1937349
-2.888891 0.4531775 -3.570362 0.0234527 0.9767269 -0.09662174 0.1900494
-2.879941 0.4539572 -3.579218 0.02157784 0.9774599 -0.09666856 0.1864452
-2.872095 0.4543201 -3.587625 0.01943186 0.9782438 -0.09480997 0.1835012
-2.864503 0.4541885 -3.59484 0.01762843 0.9787594 -0.09305441 0.1818247
-2.857232 0.4537018 -3.602117 0.01666722 0.9787805 -0.09429924 0.1811589
-2.850633 0.4531344 -3.610266 0.0167839 0.9783649 -0.09817152 0.1813363
-2.843981 0.4523778 -3.617097 0.01746625 0.9779815 -0.1011149 0.1817221
-2.837697 0.4517653 -3.62339 0.01794663 0.9779049 -0.1021372 0.1815154
-2.83311 0.4516432 -3.62911 0.01813284 0.9780902 -0.1021286 0.1805007
-2.82774 0.451394 -3.634842 0.0182018 0.9783875 -0.1012869 0.1793535
-2.822852 0.4512766 -3.640366 0.01794756 0.9787074 -0.09943666 0.1786674
-2.818461 0.4512413 -3.646345 0.0178088 0.9787809 -0.09807753 0.1790299
-2.814299 0.4510053 -3.652441 0.01811597 0.9786591 -0.09836114 0.1795086
-2.81033 0.4506878 -3.659077 0.01846209 0.9785599 -0.09928597 0.179505
-2.806344 0.4504515 -3.66642 0.01858202 0.9783759 -0.1003265 0.1799165
-2.802633 0.450171 -3.673492 0.01843122 0.9781789 -0.1011237 0.180556
-2.799075 0.449912 -3.680862 0.01809499 0.9780891 -0.1012128 0.1810256
-2.795398 0.4495809 -3.688908 0.01798743 0.9779211 -0.1016469 0.1816995
-2.791675 0.449205 -3.697176 0.0181149 0.9776722 -0.1025636 0.1825097
-2.787923 0.4488355 -3.705868 0.01830942 0.9774512 -0.1033036 0.1832548
-2.783736 0.4485897 -3.715673 0.01860944 0.9771146 -0.103942 0.1846535
-2.779861 0.4482612 -3.724948 0.01884184 0.9767089 -0.1045786 0.1864083
-2.776184 0.4480341 -3.734414 0.01872617 0.9763609 -0.1042494 0.1884166
-2.774114 0.447682 -3.743402 0.01870418 0.975979 -0.1036112 0.1907351
-2.770455 0.4476288 -3.753961 0.01925421 0.9754933 -0.1045735 0.1926304
-2.76692 0.4479017 -3.765119 0.0198623 0.9750214 -0.1060951 0.1941203
-2.763784 0.4482647 -3.776711 0.02002853 0.9746757 -0.1071425 0.1952605
-2.760989 0.4490355 -3.787526 0.0194462 0.9745014 -0.1065259 0.1965225
-2.758678 0.4497136 -3.79747 0.01856208 0.9742883 -0.1042368 0.1988782
-2.757391 0.4499574 -3.807209 0.01862249 0.9738658 -0.102716 0.2017129
-2.755352 0.4501131 -3.816554 0.01941917 0.9733749 -0.1018437 0.2044312
-2.753351 0.4503798 -3.82562 0.02037549 0.9729619 -0.1007237 0.2068447
-2.751126 0.4509062 -3.835341 0.02123171 0.9725492 -0.1005985 0.2087517
-2.749497 0.4516553 -3.843694 0.02153644 0.9721173 -0.10044 0.2107986
-2.748282 0.4523699 -3.850957 0.02145764 0.9717577 -0.09876298 0.2132429
-2.747445 0.4529381 -3.857746 0.0216204 0.9716715 -0.09624989 0.2147629
-2.746468 0.453173 -3.863768 0.02210316 0.9718786 -0.09346187 0.2150075
-2.745372 0.4532208 -3.869471 0.0229944 0.9722364 -0.09102536 0.2143411
-2.743167 0.4533991 -3.876067 0.02428383 0.9724663 -0.09044529 0.213399
-2.741832 0.4535212 -3.881381 0.0252555 0.9724972 -0.09064921 0.2130591
-2.740503 0.453748 -3.886272 0.02582506 0.9723971 -0.0907255 0.213415
-2.73862 0.453743 -3.892347 0.02650792 0.9722123 -0.09117407 0.213981
-2.737016 0.453795 -3.89639 0.02729312 0.9719886 -0.09135998 0.2148174
-2.735281 0.4538135 -3.899997 0.02804282 0.9718806 -0.09132612 0.2152236
-2.733254 0.4538456 -3.904504 0.02851629 0.9718894 -0.09124783 0.2151549
-2.731652 0.4538603 -3.907243 0.02885712 0.9719094 -0.09095968 0.2151411
-2.730041 0.4538263 -3.90967 0.0291532 0.971881 -0.09116109 0.2151445
-2.727931 0.454456 -3.912165 0.02953974 0.9719223 -0.09145324 0.2147807
-2.72615 0.4543591 -3.914169 0.0300979 0.9719445 -0.09175404 0.2144746
-2.724238 0.4543298 -3.916066 0.03053242 0.9719231 -0.09272807 0.2140908
-2.721196 0.4542971 -3.920389 0.03040967 0.9718134 -0.09364261 0.2142078
-2.719414 0.4544373 -3.921631 0.02988306 0.9716849 -0.09422772 0.2146083
-2.717547 0.4545499 -3.922594 0.02906874 0.9716229 -0.09447401 0.2148919
-2.714482 0.4547614 -3.925357 0.0280807 0.9717124 -0.09428529 0.2147019
-2.712144 0.4548519 -3.926194 0.02750648 0.9717574 -0.09463717 0.2144176
-2.709573 0.4548985 -3.926955 0.02752242 0.9716179 -0.09591319 0.2144805
-2.705985 0.4549731 -3.929509 0.02742672 0.9715321 -0.09620772 0.2147493
-2.703473 0.4551105 -3.929911 0.02736517 0.9715213 -0.09626809 0.2147789
-2.700912 0.4552124 -3.930395 0.02757037 0.9715106 -0.09710949 0.2144219
-2.697619 0.4553084 -3.93247 0.02754862 0.9716069 -0.09750527 0.213808
-2.69541 0.4555936 -3.932682 0.02711282 0.9718403 -0.09726872 0.2129091
-2.693356 0.4560596 -3.932673 0.02630526 0.9719949 -0.096916 0.212465
-2.691224 0.4567659 -3.9332 0.02552203 0.972066 -0.09695007 0.2122193
-2.68932 0.4571799 -3.933188 0.02515879 0.9721054 -0.09713214 0.2119985
-2.687317 0.4574303 -3.933215 0.02523771 0.9721193 -0.09762177 0.2117005
-2.684717 0.4574718 -3.935038 0.02546505 0.972074 -0.09857933 0.2114376
-2.682859 0.4575722 -3.935117 0.02555871 0.9721399 -0.0990658 0.2108954
-2.681087 0.4576587 -3.935151 0.02543235 0.9723509 -0.09894726 0.2099914
-2.679246 0.4574871 -3.936239 0.02523619 0.9725285 -0.09887889 0.2092234
-2.677769 0.4576544 -3.936193 0.0250178 0.97262 -0.09876725 0.2088769
-2.676265 0.4578761 -3.936249 0.02486411 0.9726523 -0.09926011 0.2085108
-2.674491 0.4580547 -3.937079 0.02455795 0.9726948 -0.09964754 0.2081637
-2.673081 0.4583301 -3.936812 0.02410132 0.9727511 -0.09930576 0.2081173
-2.671618 0.4584931 -3.936512 0.02392626 0.9727647 -0.09923611 0.2081072
-2.670083 0.4586894 -3.936776 0.02396521 0.9728159 -0.09925073 0.2078562
-2.668603 0.4586942 -3.936528 0.02413169 0.9728771 -0.09913068 0.2076078
-2.667154 0.4586614 -3.936374 0.02446437 0.9728301 -0.09951425 0.2076057
-2.666101 0.4585618 -3.936788 0.02474147 0.972831 -0.09987036 0.2073973
-2.664935 0.4586148 -3.936707 0.02501854 0.972876 -0.1000388 0.2070714
-2.663946 0.4587668 -3.936507 0.02503339 0.9729857 -0.09982409 0.2066576
-2.663523 0.4589405 -3.936563 0.02475664 0.9730432 -0.09922639 0.2067079
-2.662899 0.4592811 -3.93613 0.0244005 0.9730778 -0.09864856 0.2068642
-2.662255 0.4596033 -3.935841 0.02412814 0.9731173 -0.09832878 0.2068624
-2.662188 0.4598902 -3.935895 0.02393049 0.9731216 -0.09784131 0.207096
-2.661571 0.4601058 -3.935808 0.02384719 0.9731433 -0.0976789 0.2070806
-2.660965 0.460299 -3.935858 0.02374378 0.973145 -0.09782896 0.2070135
-2.661146 0.4605642 -3.936061 0.02328438 0.9731731 -0.09707297 0.2072892
-2.660818 0.4609598 -3.935717 0.0227131 0.9732627 -0.09555974 0.2076347
-2.660527 0.4613811 -3.935239 0.02220693 0.9734136 -0.093568 0.2078889
-2.66094 0.461765 -3.934956 0.02197957 0.9736359 -0.0918372 0.2076439
-2.660592 0.4620382 -3.934612 0.02196881 0.973829 -0.09033661 0.2073976
-2.660314 0.4623148 -3.934186 0.02190104 0.9738214 -0.0891279 0.2079626
-2.66093 0.4626608 -3.933876 0.02152658 0.9737543 -0.08783792 0.2088628
-2.660843 0.4629843 -3.933391 0.02104697 0.9738082 -0.08606388 0.2093983
-2.660685 0.463266 -3.933057 0.02073076 0.9739327 -0.08460046 0.2094471
-2.660664 0.4635558 -3.933199 0.02060628 0.9740472 -0.0834315 0.2093957
-2.660554 0.4638878 -3.932686 0.02046827 0.9742234 -0.08134282 0.2094118
-2.660478 0.464251 -3.932084 0.02032092 0.9744464 -0.07916667 0.2092223
-2.660688 0.4645702 -3.931645 0.02000964 0.9747007 -0.0766954 0.2089883
-2.6607 0.464989 -3.930825 0.01958388 0.9749067 -0.07392969 0.2090641
-2.660737 0.4654037 -3.93005 0.01913238 0.9750922 -0.07149544 0.2090876
-2.660732 0.4658436 -3.92938 0.01871464 0.9752263 -0.06943888 0.2091932
-2.660719 0.4662379 -3.928543 0.01814717 0.9754252 -0.06686939 0.2091525
-2.6608 0.466648 -3.927653 0.0173614 0.9756862 -0.06403837 0.2088879
-2.660757 0.4673322 -3.926986 0.01657796 0.975799 -0.06166156 0.2091396
-2.660936 0.4678409 -3.925926 0.01557809 0.9760084 -0.05836878 0.2091846
-2.661144 0.4683521 -3.924926 0.01453745 0.9762405 -0.05519457 0.2090375
-2.661337 0.4690125 -3.924034 0.01356042 0.9763387 -0.0525293 0.2093314
-2.661591 0.469563 -3.922958 0.01241732 0.9764945 -0.04951502 0.2094102
-2.661879 0.4701124 -3.921831 0.01135892 0.9765604 -0.04699544 0.209743
-2.662933 0.4705289 -3.920126 0.01019573 0.9765629 -0.04407922 0.2104233
-2.663453 0.471028 -3.918548 0.008840204 0.9766873 -0.0398631 0.2107482
-2.663944 0.4714807 -3.917056 0.007694662 0.9767643 -0.03618388 0.2110996
-2.664319 0.4720426 -3.91582 0.006791474 0.9767911 -0.03318957 0.2114981
-2.664536 0.4724774 -3.914775 0.006224066 0.9768076 -0.03111765 0.2117543
-2.664656 0.4729115 -3.913833 0.005803287 0.976779 -0.02939964 0.2121432
-2.664676 0.4733984 -3.913174 0.005535067 0.976752 -0.02787643 0.2124803
-2.664822 0.4736997 -3.912112 0.005143106 0.9768032 -0.02552381 0.21255
-2.665023 0.473974 -3.910813 0.004658729 0.9768469 -0.02272607 0.2126783
-2.66628 0.4739965 -3.909102 0.003834666 0.9769031 -0.0189564 0.2128057
-2.666681 0.474332 -3.907581 0.002988041 0.9770006 -0.01551413 0.2126505
-2.667098 0.4747505 -3.906132 0.002218545 0.9770421 -0.01300898 0.2126371
-2.667848 0.4751755 -3.904386 0.001381993 0.9770536 -0.01025785 0.212742
-2.668269 0.4756245 -3.903066 0.0008621516 0.9770657 -0.008307846 0.2127742
-2.66862 0.4760356 -3.901853 0.0005050898 0.9770343 -0.006920413 0.2129694
-2.668899 0.4766022 -3.900578 9.763242E-05 0.9769816 -0.005394698 0.2132555
-2.669143 0.4769484 -3.899321 -0.0003316999 0.9768932 -0.003994316 0.2136903
-2.66936 0.4772384 -3.898024 -0.0007997752 0.9767666 -0.002615422 0.2142882
-2.669493 0.4777634 -3.897254 -0.001138747 0.9766573 -0.00110817 0.2147977
-2.669664 0.4778821 -3.8959 -0.001440853 0.9765453 0.0008263962 0.2153056
-2.669621 0.4779838 -3.894952 -0.001344234 0.9764764 0.001049519 0.2156174
-2.66926 0.4783828 -3.895067 -0.001052499 0.9764062 0.0006041303 0.2159391
-2.669031 0.4783767 -3.894247 -0.0009178818 0.9763482 0.001338959 0.2161984
-2.668585 0.4783351 -3.893743 -0.0004327596 0.9763728 0.0008400307 0.2160912
-2.667912 0.4786799 -3.894829 6.279349E-05 0.9763834 0.0001993552 0.2160447
-2.667506 0.478634 -3.894339 0.0003625453 0.9763936 0.0004517734 0.2159982
-2.667039 0.4785684 -3.894107 0.0009005666 0.9764274 -0.0004585609 0.2158439
-2.666243 0.4787458 -3.895285 0.001574606 0.976377 -0.002523691 0.2160536
-2.665714 0.4786385 -3.895447 0.002192974 0.9763486 -0.004837446 0.216137
-2.665045 0.4784709 -3.89583 0.002808988 0.9763374 -0.007842259 0.2160922
-2.663927 0.4783688 -3.897591 0.003495485 0.9762794 -0.01187206 0.2161608
-2.662985 0.4781991 -3.898561 0.004504651 0.9762549 -0.0167971 0.2159258
-2.662036 0.4780619 -3.899471 0.005359143 0.9762542 -0.02079722 0.2155608
-2.661072 0.4773114 -3.901507 0.005888075 0.9762329 -0.02356618 0.2153585
-2.660117 0.4771512 -3.902415 0.006662578 0.9762442 -0.02694676 0.2148877
-2.659063 0.4770096 -3.903464 0.007532061 0.976243 -0.03092561 0.214328
-2.658313 0.4753745 -3.905617 0.008103073 0.9762134 -0.03457139 0.2138844
-2.657349 0.4751059 -3.906554 0.008663865 0.9760607 -0.03812829 0.2139551
-2.656455 0.4747625 -3.907335 0.009071947 0.97594 -0.04071934 0.214011
-2.655905 0.4740376 -3.909312 0.009568871 0.9758095 -0.04385055 0.2139658
-2.655088 0.4734558 -3.910416 0.01032817 0.9755343 -0.04781467 0.2143362
-2.654328 0.4728767 -3.911484 0.01079744 0.9752383 -0.05118674 0.2148805
-2.653551 0.4719725 -3.913269 0.01118082 0.9750376 -0.05452915 0.2149493
-2.652505 0.4713224 -3.914938 0.01204234 0.9748169 -0.05933416 0.2146313
-2.651356 0.4706197 -3.916794 0.01316059 0.9746175 -0.06432965 0.2140311
-2.650296 0.469405 -3.919369 0.01431847 0.9744259 -0.06848679 0.2135389
-2.649224 0.4685957 -3.921041 0.01544487 0.9741098 -0.07245819 0.2135917
-2.648322 0.467799 -3.922539 0.01626244 0.9737895 -0.0756303 0.2138917
-2.647839 0.4663588 -3.924694 0.01702023 0.9735384 -0.07854446 0.2139253
-2.646919 0.4655257 -3.926366 0.01786766 0.973272 -0.081989 0.2137758
-2.646038 0.4646993 -3.928159 0.01874083 0.9729746 -0.08567064 0.2136114
-2.646063 0.4630669 -3.93053 0.01953682 0.9725857 -0.0891813 0.2138737
-2.64537 0.4623404 -3.932222 0.02004278 0.9722653 -0.09210651 0.214044
-2.644739 0.46163 -3.933933 0.02053261 0.9719697 -0.09494479 0.2141001
-2.644866 0.4600039 -3.935406 0.02119693 0.9716728 -0.09782488 0.2140862
-2.644202 0.4592797 -3.937171 0.02181721 0.9713463 -0.1006852 0.2141798
-2.643512 0.458519 -3.939087 0.02259341 0.9708897 -0.1043555 0.2144127
-2.643767 0.4569294 -3.940363 0.02329189 0.9705004 -0.1072522 0.2146707
-2.643135 0.4560987 -3.942279 0.02393201 0.9702029 -0.1100671 0.21452
-2.642462 0.4552166 -3.944381 0.02481574 0.9697407 -0.113967 0.2144731
-2.642084 0.4536229 -3.946111 0.02550068 0.9693934 -0.116804 0.2144365
-2.641366 0.4527102 -3.948178 0.02619672 0.9691436 -0.1195787 0.213952
-2.640551 0.4517569 -3.950325 0.02709833 0.9687708 -0.1231073 0.2135263
-2.64001 0.4502334 -3.951853 0.02782965 0.9684699 -0.1258712 0.2131855
-2.639359 0.4492757 -3.953782 0.02855197 0.9681861 -0.1284782 0.2128233
-2.63876 0.448334 -3.955682 0.0292688 0.9677433 -0.1315186 0.2128827
-2.6385 0.446996 -3.956729 0.02987251 0.9673516 -0.1339514 0.2130626
-2.637932 0.4460768 -3.958529 0.03045955 0.9670539 -0.1362343 0.2128833
-2.637256 0.4451561 -3.960473 0.0310672 0.966676 -0.1392865 0.2125363
-2.636671 0.4438356 -3.961341 0.03154287 0.9662632 -0.1419174 0.2126028
-2.636088 0.4429629 -3.963066 0.03194479 0.9659501 -0.1441608 0.212456
-2.635483 0.4421169 -3.964801 0.03228534 0.965694 -0.1462535 0.2121382
-3.010209 0.5013556 -4.30724 0.03270486 0.9654927 -0.1488468 0.2111842
-3.009538 0.5004509 -4.308986 0.03331665 0.9651034 -0.1515331 0.2109579
-3.008973 0.4996006 -4.310547 0.03375381 0.9647169 -0.1537915 0.2110216
-3.001291 0.4836834 -4.311394 0.03392923 0.9646385 -0.1557917 0.2098815
-3.000725 0.482873 -4.312919 0.03425998 0.9643591 -0.157957 0.2094932
-3.00019 0.4820568 -4.314456 0.03457541 0.9639618 -0.1605703 0.2092831
-3.000509 0.4815059 -4.315125 0.03480277 0.963509 -0.1629994 0.2094528
-3.000024 0.4806987 -4.316497 0.03500051 0.9630874 -0.1653364 0.2095268
-2.999437 0.4798213 -4.317917 0.03546101 0.9626368 -0.1679275 0.2094595
-3.001294 0.4772596 -4.320955 0.03621012 0.9620653 -0.1708886 0.209562
-3.00069 0.4763447 -4.322361 0.03691042 0.9614958 -0.1738939 0.2095813
-3.000144 0.4754553 -4.323678 0.03743726 0.9610854 -0.1763007 0.2093594
-3.000366 0.474842 -4.325085 0.03784037 0.9607245 -0.1785299 0.2090542
-2.999994 0.474098 -4.326176 0.03810859 0.9603196 -0.1805298 0.2091484
-2.999659 0.4734267 -4.327184 0.03825045 0.9600123 -0.1821013 0.209171
-2.999998 0.4726931 -4.328126 0.03846103 0.9596257 -0.1841957 0.2090725
-2.99968 0.4720566 -4.329051 0.03858897 0.9592498 -0.1860737 0.209111
-2.999332 0.4714335 -4.329924 0.03867763 0.9590117 -0.1875412 0.2088755
-2.999467 0.4711582 -4.330985 0.03896458 0.9587418 -0.1891875 0.2085761
-2.999013 0.4704613 -4.331847 0.03939188 0.958416 -0.1910623 0.2082842
-2.998665 0.4698827 -4.332542 0.03960929 0.9581906 -0.192388 0.2080595
-2.99855 0.4700972 -4.332521 0.03964484 0.9580908 -0.1930964 0.207856
-2.998407 0.4696541 -4.332961 0.03989628 0.9578831 -0.1941405 0.2077928
-2.998333 0.4692333 -4.333402 0.04011116 0.9576998 -0.1951919 0.207611
-2.998561 0.4695298 -4.333261 0.04004777 0.957698 -0.195305 0.2075253
-2.998485 0.4691891 -4.333452 0.04005206 0.9577131 -0.1954056 0.2073601
-2.998332 0.4688068 -4.333749 0.04016164 0.9576797 -0.1959976 0.2069339
-2.998751 0.469092 -4.333554 0.04018062 0.9577138 -0.1960032 0.2067669
-2.998713 0.4688504 -4.333461 0.04014597 0.9579187 -0.1951716 0.206611
-2.998731 0.4686196 -4.333344 0.0401926 0.9580929 -0.1945922 0.2063405
-2.999122 0.4691264 -4.333086 0.04018838 0.9582261 -0.1940207 0.2062612
-2.999239 0.4690448 -4.332754 0.04011596 0.9585614 -0.1926176 0.2060325
-2.999336 0.4689489 -4.332421 0.04019225 0.9588973 -0.1912752 0.2057045
-2.999815 0.469703 -4.331888 0.04018625 0.9592612 -0.1897063 0.2054617
-2.999966 0.4698374 -4.331279 0.03997282 0.959839 -0.1871738 0.2051273
-3.00021 0.4700931 -4.330342 0.03964129 0.9605756 -0.1835192 0.2050461
-3.00098 0.4712484 -4.328559 0.03933698 0.9613988 -0.1794046 0.2048879
-3.001311 0.4716509 -4.327423 0.03914985 0.9621125 -0.1756374 0.204837
-3.001634 0.4721102 -4.326225 0.03888041 0.9627733 -0.1719906 0.2048781
-3.003349 0.4739665 -4.32443 0.03854523 0.9633934 -0.1683528 0.2050482
-3.003723 0.4745394 -4.323036 0.03816873 0.9639023 -0.1649857 0.2054635
-3.004245 0.4751861 -4.321448 0.03752318 0.9645352 -0.160738 0.2059788
-3.005869 0.4771541 -4.319762 0.03667936 0.9652432 -0.1560695 0.2064038
-3.006566 0.4779852 -4.318017 0.03557379 0.9659008 -0.1513802 0.2070128
-3.007286 0.4788542 -4.31628 0.03436739 0.96661 -0.1464295 0.2074668
-3.008494 0.4808009 -4.314966 0.03339884 0.9673021 -0.1417905 0.2076212
-3.009095 0.4815509 -4.313486 0.03267369 0.9678919 -0.1375969 0.2078094
-3.009693 0.4822276 -4.311978 0.03190992 0.9685605 -0.1330284 0.207788
-3.011149 0.4840098 -4.310155 0.03093404 0.9692428 -0.1282597 0.2077521
-3.011724 0.4845854 -4.308637 0.03011188 0.9697829 -0.1239826 0.2079487
-3.012216 0.4850924 -4.307274 0.02943081 0.970242 -0.1204306 0.2079925
-3.013571 0.4866394 -4.305634 0.02859167 0.9707212 -0.1166062 0.2080528
-3.013924 0.4872119 -4.304403 0.02791876 0.9710771 -0.1132162 0.2083554
-3.014196 0.4878004 -4.303332 0.02715731 0.9714402 -0.110154 0.2084047
-3.015225 0.4893502 -4.301284 0.02629626 0.9717609 -0.1070306 0.2086477
-3.015464 0.4899422 -4.300264 0.02572349 0.9719024 -0.1047022 0.2092404
-3.01567 0.4904436 -4.299419 0.02535343 0.9720021 -0.1029014 0.209715
-3.016206 0.4915074 -4.298552 0.0251824 0.9720294 -0.1017105 0.2101896
-3.016136 0.4918411 -4.297967 0.0251298 0.9720482 -0.1007876 0.2105531
-3.016047 0.4921027 -4.297404 0.02508295 0.9722067 -0.099235 0.210565
-3.016221 0.4930028 -4.296182 0.02500877 0.9724752 -0.09715167 0.2103049
-3.01607 0.4931887 -4.295878 0.02513665 0.9726323 -0.09644274 0.2098891
-3.015916 0.49336 -4.295736 0.02527479 0.9726689 -0.09639968 0.2097221
-3.016138 0.4940714 -4.295209 0.02530819 0.9726666 -0.09616069 0.2098386
-3.015794 0.4941892 -4.295452 0.0256832 0.972595 -0.09742859 0.2095398
-3.015472 0.4943173 -4.295712 0.02596516 0.9725852 -0.09831537 0.2091362
-3.015593 0.4946193 -4.295705 0.02584857 0.9727572 -0.09804461 0.2084769
-3.01555 0.4949476 -4.295611 0.02552548 0.9729939 -0.09714811 0.2078306
-3.015502 0.4953 -4.295525 0.02531585 0.9732228 -0.09652206 0.207075
-3.015743 0.4955528 -4.295059 0.02523309 0.9734344 -0.09619122 0.2062425
-3.015646 0.4958763 -4.29485 0.0251357 0.9735161 -0.09581225 0.2060453
-3.015462 0.4961759 -4.294701 0.02514136 0.9733844 -0.09642243 0.206382
-3.015757 0.4963268 -4.293937 0.02508041 0.9731914 -0.0970778 0.2069914
-3.015541 0.4965832 -4.293598 0.02495498 0.9730312 -0.09718158 0.2077096
-3.015316 0.4968364 -4.293171 0.02484405 0.9728556 -0.09723353 0.2085195
-3.016115 0.4969559 -4.292495 0.02476702 0.9726319 -0.09739672 0.2094941
-3.015931 0.4972377 -4.291956 0.02468854 0.9724558 -0.09748106 0.21028
-3.015826 0.4975641 -4.291309 0.02450166 0.9722955 -0.09722237 0.2111609
-3.016002 0.4975339 -4.290307 0.02442909 0.9721791 -0.09708157 0.2117692
-3.015903 0.4977973 -4.289756 0.02437377 0.972115 -0.09698878 0.2121119
-3.015909 0.4980676 -4.289132 0.02419811 0.972021 -0.09659529 0.2127413
-3.01593 0.4979514 -4.287995 0.02428508 0.9719716 -0.09644176 0.2130267
-3.015836 0.4980799 -4.287683 0.02457422 0.9719984 -0.09671237 0.2127487
-3.015798 0.4982084 -4.287211 0.02476019 0.9720067 -0.09660764 0.2127366
-3.015967 0.4979234 -4.286031 0.02472234 0.9720024 -0.09609226 0.2129941
-3.016095 0.4980855 -4.285476 0.02469814 0.9719504 -0.0958913 0.2133247
-3.016165 0.4982558 -4.284981 0.02471459 0.9718313 -0.09600034 0.2138155
-3.015702 0.4977186 -4.284651 0.0246017 0.9717145 -0.09584481 0.2144284
-3.015684 0.497897 -4.284142 0.02461249 0.9715552 -0.09579051 0.2151719
-3.01554 0.4980786 -4.283605 0.02468187 0.9713326 -0.09608642 0.2160354
-3.015189 0.4977448 -4.282738 0.02458257 0.971073 -0.09610981 0.2172001
-3.014921 0.4979469 -4.281871 0.02450147 0.9707953 -0.09582946 0.2185701
-3.014443 0.4981214 -4.280997 0.02465666 0.9704884 -0.0959089 0.219877
-3.013748 0.4978 -4.279851 0.02479557 0.9701039 -0.09589553 0.2215577
-3.013199 0.4979569 -4.278609 0.02487433 0.9696504 -0.09574276 0.2235902
-3.012567 0.4981341 -4.277329 0.02479071 0.9692277 -0.09567426 0.2254543
-3.011544 0.4976569 -4.276359 0.02459243 0.9687596 -0.09553578 0.2275369
-3.010905 0.4977509 -4.274896 0.02450231 0.9682243 -0.09535513 0.2298885
-3.010211 0.4978223 -4.273534 0.02457676 0.9676752 -0.09557492 0.2320907
-3.009128 0.4973877 -4.271945 0.02485728 0.9671278 -0.09585691 0.2342167
-3.008332 0.4974223 -4.270521 0.02516326 0.9666474 -0.09586955 0.2361537
-3.007578 0.4975398 -4.268996 0.02529609 0.9661578 -0.0958008 0.2381626
-3.006477 0.4976148 -4.266999 0.02546665 0.9656968 -0.09562738 0.2400764
-3.005823 0.4978029 -4.26523 0.02561534 0.9652231 -0.09526714 0.2420999
-3.005264 0.4980487 -4.263318 0.0256514 0.9646137 -0.09495852 0.2446332
-3.004389 0.4982497 -4.260997 0.02563328 0.963975 -0.09448105 0.2473229
-3.00367 0.4984812 -4.258973 0.02570612 0.9633601 -0.09396878 0.2498931
-3.002701 0.498648 -4.257051 0.02600175 0.9627363 -0.09393579 0.2522673
-3.001218 0.4987524 -4.254774 0.02646029 0.9621233 -0.09402668 0.2545144
-3.000044 0.4987716 -4.252838 0.02704051 0.9614497 -0.09417052 0.2569345
-2.998875 0.4988689 -4.250807 0.02743271 0.9607392 -0.09422824 0.2595163
-2.997389 0.4988545 -4.248245 0.02741257 0.9600219 -0.09355117 0.2624017
-2.996279 0.4990864 -4.24602 0.02747789 0.9592698 -0.09313532 0.2652778
-2.995095 0.4993169 -4.243865 0.02761993 0.9584997 -0.09306365 0.2680572
-2.99372 0.4993823 -4.240927 0.02754506 0.9576856 -0.09261165 0.2711138
-2.992559 0.4995287 -4.238791 0.02759397 0.9568514 -0.09254016 0.2740625
-2.991315 0.4996144 -4.236789 0.0276798 0.9560562 -0.09281471 0.2767236
-2.989803 0.499749 -4.233866 0.02763865 0.9552098 -0.09303691 0.2795614
-2.988518 0.4998755 -4.231869 0.02763811 0.9542845 -0.09352329 0.2825432
-2.987257 0.5000151 -4.229831 0.02768845 0.9533844 -0.09378988 0.2854735
-2.985703 0.499921 -4.228614 0.02765104 0.9524702 -0.09370688 0.2885394
-2.984576 0.5001664 -4.226334 0.02738914 0.9515788 -0.09340296 0.2915879
-2.983506 0.5004192 -4.224032 0.02713943 0.9506932 -0.09306421 0.2945928
-2.981945 0.500513 -4.221268 0.02707759 0.9497746 -0.09285113 0.2976133
-2.980747 0.5006578 -4.218976 0.02707672 0.9487789 -0.09286235 0.3007691
-2.979421 0.5007807 -4.216809 0.02719712 0.9478006 -0.09309964 0.3037547
-2.977654 0.5005563 -4.214063 0.02732003 0.9468904 -0.09338849 0.3064815
-2.976259 0.5007014 -4.211888 0.0273164 0.9458847 -0.09362978 0.3094986
-2.97495 0.5009038 -4.209625 0.02723378 0.9447473 -0.09384159 0.3128972
-2.973644 0.500809 -4.206668 0.02697981 0.9436415 -0.09372341 0.3162734
-2.972331 0.5010152 -4.20435 0.02678877 0.942594 -0.09350286 0.3194623
-2.970925 0.5011402 -4.202125 0.02673122 0.9415829 -0.09343982 0.3224536
-2.969135 0.5011876 -4.199253 0.02672196 0.9405508 -0.09352443 0.325428
-2.967722 0.501228 -4.197169 0.02679646 0.9394085 -0.09378924 0.3286293
-2.966283 0.5012285 -4.195173 0.02692518 0.9383596 -0.09397723 0.3315488
-2.9645 0.5010114 -4.192658 0.02702937 0.9373813 -0.09384409 0.3343339
-2.963158 0.5010653 -4.19082 0.0270752 0.9362332 -0.09414458 0.3374479
-2.961858 0.5012035 -4.189088 0.02689669 0.9350841 -0.09457358 0.3405145
-2.960582 0.501277 -4.187135 0.02645189 0.9341266 -0.09437619 0.3432215
-2.959319 0.5014476 -4.185532 0.02642834 0.9331728 -0.09460851 0.3457446
-2.958129 0.5016047 -4.183916 0.02666176 0.9322104 -0.09460279 0.348315
-2.95685 0.5015391 -4.181899 0.02699655 0.93144 -0.09409066 0.3504822
-2.955744 0.5016181 -4.180471 0.02757249 0.9306872 -0.09408371 0.3524335
-2.954768 0.5017436 -4.179062 0.02772656 0.9298373 -0.0939535 0.3546922
-2.953758 0.5018444 -4.177258 0.02754012 0.928964 -0.09391916 0.3569967
-2.95272 0.5019495 -4.176254 0.02759716 0.9281304 -0.09459279 0.3589772
-2.951694 0.5020542 -4.175265 0.02773541 0.9272614 -0.09514777 0.3610595
-2.950667 0.5019889 -4.174087 0.02780619 0.9264367 -0.09538703 0.3631022
-2.949679 0.5021979 -4.173004 0.02787847 0.9256848 -0.09547082 0.3649875
-2.948768 0.5024627 -4.171847 0.02789018 0.9248784 -0.09536435 0.3670528
-2.946982 0.5028187 -4.171171 0.02778369 0.9240563 -0.09514923 0.3691811
-2.946091 0.5031254 -4.170073 0.02759567 0.9233199 -0.09491411 0.3710931
-2.945207 0.5033872 -4.169036 0.02744669 0.9225469 -0.09481811 0.3730462
-2.943901 0.503442 -4.168049 0.02730584 0.9218014 -0.09480867 0.3748973
-2.943065 0.5035518 -4.16719 0.02717916 0.921065 -0.09509216 0.3766404
-2.942281 0.5036273 -4.166376 0.02706626 0.9202724 -0.09548479 0.3784822
-2.941462 0.5034697 -4.166546 0.02695763 0.9195405 -0.09576825 0.3801934
-2.940712 0.5035245 -4.165932 0.02681137 0.9188837 -0.09609967 0.3817051
-2.939994 0.5036386 -4.165408 0.02652681 0.9183 -0.09647604 0.3830325
-2.938895 0.5033933 -4.164669 0.025953 0.9177145 -0.09649236 0.3844682
-2.938423 0.5035348 -4.164206 0.02535108 0.9170753 -0.09653416 0.3860201
-2.937766 0.5036149 -4.163896 0.02512882 0.9165311 -0.09700397 0.3872074
-2.936573 0.5034452 -4.163661 0.02517626 0.9160379 -0.09772947 0.3881877
-2.935857 0.5034727 -4.163421 0.02501112 0.9154897 -0.09822302 0.3893652
-2.935193 0.5034751 -4.163198 0.02487659 0.9149482 -0.09871301 0.3905211
-2.934494 0.5032262 -4.163158 0.02482203 0.9145019 -0.099151 0.391458
-2.933948 0.5032448 -4.162921 0.02457977 0.9141665 -0.0990601 0.3922786
-2.933472 0.5032946 -4.162668 0.02442587 0.9137939 -0.09883727 0.3932117
-2.933282 0.5032375 -4.163082 0.024409 0.9134915 -0.09887828 0.3939041
-2.932901 0.503448 -4.163044 0.02410722 0.9133368 -0.0986669 0.3943345
-2.932597 0.5036964 -4.163044 0.02377892 0.9131916 -0.09839875 0.3947574
-2.93232 0.5037313 -4.163507 0.02364093 0.9132196 -0.09825149 0.3947375
-2.932201 0.503909 -4.163668 0.02345044 0.9132593 -0.09776515 0.394778
-2.932087 0.5040311 -4.163943 0.02333981 0.9133986 -0.0973518 0.3945642
-2.931529 0.5040541 -4.166339 0.02333778 0.9136655 -0.09737879 0.3939393
-2.931468 0.5040441 -4.167006 0.02330518 0.913991 -0.09716331 0.3932386
-2.931482 0.5040195 -4.167847 0.02320919 0.9145123 -0.09677523 0.3921264
-2.9315 0.5040053 -4.168982 0.02318978 0.9150133 -0.09684191 0.3909407
-2.931657 0.5040758 -4.170108 0.02304867 0.9154902 -0.09692615 0.3898101
-2.931925 0.5042025 -4.171324 0.02278882 0.9160476 -0.09687243 0.3885269
-2.932143 0.5043396 -4.17262 0.02258027 0.9167466 -0.09665306 0.3869421
-2.932489 0.5044518 -4.173916 0.02227697 0.9175427 -0.09627855 0.3851618
-2.932845 0.5045343 -4.175261 0.02204961 0.918296 -0.09596471 0.3834542
-2.932437 0.5043333 -4.176997 0.02211958 0.9191269 -0.09599871 0.3814456
-2.932671 0.5042742 -4.178468 0.02211344 0.9200341 -0.095968 0.3792605
-2.933048 0.5041773 -4.179871 0.02198279 0.9208346 -0.09558459 0.3774176
-2.933137 0.5038788 -4.181568 0.02203503 0.9216736 -0.09559444 0.3753585
-2.93336 0.5036897 -4.183165 0.02217287 0.9225854 -0.09572566 0.3730699
-2.933588 0.5034952 -4.184808 0.02225632 0.9235348 -0.09569331 0.3707168
-2.933326 0.5028207 -4.187077 0.0223074 0.9245215 -0.09574673 0.3682322
-2.933575 0.5026456 -4.188855 0.02233696 0.9255018 -0.09575192 0.3657584
-2.933796 0.50243 -4.190633 0.02257276 0.9264521 -0.09599894 0.3632647
-2.933234 0.5017573 -4.193133 0.02264736 0.9273639 -0.09605563 0.360911
-2.933613 0.5015481 -4.194729 0.02248171 0.9282517 -0.095727 0.3587194
-2.933889 0.5012677 -4.196342 0.02256012 0.9291751 -0.09562758 0.3563425
-2.934081 0.5008587 -4.198431 0.0228177 0.9300386 -0.09612618 0.3539314
-2.934344 0.5005332 -4.200053 0.02290624 0.9308937 -0.09629931 0.3516228
-2.93468 0.5002005 -4.201615 0.02288354 0.9318056 -0.09610958 0.3492532
-2.934926 0.4999041 -4.203738 0.02306122 0.9327008 -0.09644191 0.3467514
-2.935087 0.4995216 -4.205401 0.02326009 0.9335324 -0.09696525 0.3443459
-2.935287 0.4991477 -4.207036 0.02311081 0.934361 -0.09732357 0.3419993
-2.935946 0.4984821 -4.209135 0.02270225 0.9352123 -0.0975922 0.3396152
-2.936209 0.4980533 -4.210794 0.02233902 0.9360959 -0.09781482 0.3371316
-2.936421 0.4975521 -4.212574 0.02232492 0.9370052 -0.09828568 0.3344589
-2.936708 0.4968697 -4.21471 0.0227319 0.9378088 -0.09927246 0.3318779
-2.937099 0.4963208 -4.216452 0.02294636 0.9386788 -0.09956452 0.3293061
-2.937538 0.4957528 -4.218222 0.0231269 0.9396389 -0.09980331 0.3264711
-2.93815 0.495271 -4.220713 0.02316678 0.940536 -0.1001607 0.323764
-2.938665 0.4948539 -4.22259 0.02316475 0.9413756 -0.100576 0.3211851
-2.939152 0.4944903 -4.224507 0.02321822 0.942232 -0.1010577 0.3185078
-2.93991 0.4941332 -4.226906 0.02302829 0.9431326 -0.1012983 0.3157678
-2.940486 0.4939078 -4.228735 0.02279816 0.9440039 -0.1014752 0.3131129
-2.941149 0.4937017 -4.230557 0.02259225 0.9449157 -0.1014878 0.3103613
-2.941888 0.4935624 -4.233027 0.02236158 0.9458233 -0.101436 0.3076184
-2.94258 0.4933824 -4.234935 0.02231929 0.9466896 -0.1017486 0.3048407
-2.943333 0.4932328 -4.236803 0.02217606 0.94761 -0.1017145 0.3019896
-2.944407 0.4930548 -4.238886 0.02204222 0.9485649 -0.101498 0.2990602
-2.945187 0.4929064 -4.240705 0.02198154 0.9495081 -0.1013617 0.2961028
-2.946025 0.4927659 -4.242556 0.02191475 0.9504451 -0.101209 0.2931395
-2.947457 0.4926813 -4.245626 0.02197335 0.9513153 -0.1015536 0.2901779
-2.948333 0.4925413 -4.247472 0.02181453 0.952204 -0.1015493 0.2872618
-2.949323 0.4924235 -4.249208 0.02148518 0.9530814 -0.1011374 0.2845091
-2.950431 0.4924532 -4.251885 0.02128241 0.9540139 -0.1011819 0.2813659
-2.951402 0.4923237 -4.253788 0.02103254 0.9548954 -0.1011709 0.2783828
-2.952358 0.4921387 -4.255711 0.02099898 0.9557115 -0.1012593 0.2755381
-2.953249 0.4919347 -4.258541 0.02104199 0.9565876 -0.1015707 0.2723617
-2.954165 0.4917487 -4.260462 0.0210183 0.9574448 -0.1017413 0.2692701
-2.955157 0.4915857 -4.262214 0.02092001 0.9583597 -0.1013557 0.2661504
-2.956609 0.4915152 -4.264196 0.02071467 0.9592801 -0.1008159 0.2630375
-2.957617 0.4913611 -4.265958 0.02073509 0.9601203 -0.1006984 0.2599979
-2.958591 0.491165 -4.267807 0.02084044 0.9609696 -0.1007327 0.256819
-2.960263 0.4910241 -4.269273 0.02079064 0.9617419 -0.1006776 0.2539378
-2.961295 0.4908656 -4.271053 0.02057803 0.9625028 -0.1007493 0.2510269
-2.962337 0.4906867 -4.272873 0.02036038 0.9632898 -0.1008728 0.2479574
-2.963845 0.4906065 -4.274448 0.02025348 0.9640697 -0.100784 0.2449531
-2.964936 0.490381 -4.276211 0.02023244 0.9648676 -0.1007408 0.2418109
-2.965992 0.4901406 -4.278 0.0203276 0.9656532 -0.1008204 0.2386125
-2.967733 0.4901467 -4.28085 0.02041137 0.9664388 -0.1006807 0.235463
-2.968811 0.4899401 -4.282613 0.02043152 0.9672291 -0.1006013 0.2322281
-2.969926 0.4897426 -4.284377 0.02042672 0.9679335 -0.1007552 0.229207
-2.971634 0.4898144 -4.285578 0.02045175 0.9686739 -0.1007032 0.2260782
-2.972794 0.4895444 -4.287416 0.02059579 0.969452 -0.1007722 0.2226738
-2.974004 0.489288 -4.289266 0.02065847 0.9701405 -0.1010045 0.2195423
-2.975423 0.4893765 -4.290603 0.02052772 0.9708237 -0.1012193 0.216413
-2.976688 0.4891837 -4.292588 0.02029389 0.9715131 -0.1015459 0.2131642
-2.97799 0.4890047 -4.294576 0.02015287 0.9721584 -0.1019824 0.2100035
-2.979705 0.4890125 -4.295727 0.02013457 0.9727911 -0.1023862 0.2068554
-2.981179 0.4888945 -4.297508 0.01994413 0.9734908 -0.1022319 0.2036335
-2.982707 0.4888003 -4.299229 0.01973459 0.9742359 -0.1018746 0.2002411
-2.984599 0.4889716 -4.300122 0.01969716 0.974911 -0.1018039 0.1969684
-2.986132 0.4888704 -4.301797 0.01956338 0.9756106 -0.1014329 0.1936815
-2.987619 0.4887269 -4.303649 0.01948205 0.9762895 -0.1014631 0.1902221
-2.989427 0.4889733 -4.304607 0.01947814 0.9769364 -0.1018872 0.1866411
-2.990875 0.4887936 -4.30657 0.01930967 0.9776031 -0.1021223 0.1830036
-2.992379 0.4886149 -4.308561 0.01921004 0.9782459 -0.1025036 0.1793292
-2.994202 0.4887157 -4.309706 0.01913309 0.9788853 -0.1028313 0.1756225
-2.995868 0.4885954 -4.311507 0.01886124 0.979522 -0.1028085 0.1720793
-2.997584 0.488523 -4.313274 0.01857352 0.9801567 -0.1027308 0.1685059
-2.999396 0.4889276 -4.314489 0.01835734 0.9807942 -0.1027852 0.1647452
-3.001134 0.4888753 -4.316292 0.01822093 0.9813727 -0.1029303 0.1611862
-3.002879 0.4888342 -4.318036 0.01807299 0.9819815 -0.1028412 0.1575105
-3.00448 0.4895763 -4.31857 0.01793254 0.9826674 -0.1024346 0.1534617
-3.006251 0.4895011 -4.320407 0.01788998 0.9833183 -0.1022692 0.1493518
-3.00806 0.4894098 -4.322318 0.01783469 0.9839056 -0.1024318 0.1453258
-3.010429 0.4896365 -4.321826 0.01763258 0.9844633 -0.1025228 0.1414571
-3.012318 0.4895406 -4.323709 0.01737473 0.9849816 -0.1028194 0.1376139
-3.01416 0.4894233 -4.325587 0.01713917 0.985498 -0.1031482 0.1336429
-3.015597 0.490326 -4.32584 0.01701039 0.9859764 -0.1034772 0.1298219
-3.017416 0.4901742 -4.32751 0.01701096 0.9864873 -0.1035159 0.1258488
-3.019295 0.4899994 -4.329109 0.01711911 0.9870436 -0.1031268 0.1217246
-3.021701 0.4901932 -4.329416 0.01724792 0.9875107 -0.1032406 0.1177565
-3.023633 0.4900239 -4.331008 0.01730535 0.9879407 -0.1033735 0.1139633
-3.02559 0.4898745 -4.332541 0.01727292 0.9883879 -0.1031362 0.110245
-3.028096 0.489731 -4.332955 0.01722655 0.9887611 -0.1035774 0.1064256
-3.030069 0.4896441 -4.33456 0.01698139 0.9891246 -0.1040484 0.1025583
-3.032164 0.4896549 -4.335892 0.01653371 0.9895232 -0.1037516 0.09902567
-3.034728 0.490158 -4.33649 0.01616883 0.9898568 -0.1038148 0.09562687
-3.036877 0.4901568 -4.337717 0.0159376 0.9902029 -0.1038121 0.0920179
-3.039039 0.4901 -4.338845 0.01579672 0.990572 -0.1035284 0.08831415
-3.041547 0.4904226 -4.339742 0.01573208 0.9908712 -0.103628 0.08478278
-3.043665 0.4903769 -4.340753 0.01566294 0.9911683 -0.1035825 0.08130617
-3.04578 0.4903837 -4.341733 0.01551226 0.9914691 -0.1034883 0.07770802
-3.048181 0.4911132 -4.344001 0.01533443 0.9917106 -0.1037039 0.07429978
-3.050212 0.4912524 -4.344846 0.01503792 0.9919797 -0.10347 0.07102257
-3.052313 0.4914133 -4.345534 0.01464895 0.9922528 -0.1029352 0.06800085
-3.054505 0.4917998 -4.347511 0.01440886 0.992448 -0.1028642 0.06525589
-3.05634 0.4919325 -4.348382 0.01426739 0.992614 -0.1031551 0.06223282
-3.058129 0.4920767 -4.349114 0.01414129 0.9927983 -0.1032045 0.05916509
-3.059836 0.49307 -4.349631 0.01415357 0.9930267 -0.1025744 0.05635646
-3.061599 0.4932118 -4.349984 0.01422331 0.9932415 -0.1020771 0.05337892
-3.063434 0.4933633 -4.350275 0.01427978 0.9933891 -0.1020475 0.05060131
-3.065248 0.4943095 -4.348748 0.01422331 0.993587 -0.1014053 0.04795482
-3.067072 0.4945575 -4.34871 0.01404837 0.9938146 -0.1005166 0.04507326
-3.06883 0.4946938 -4.348855 0.01416007 0.9939625 -0.1003889 0.04195324
-3.071374 0.4950103 -4.347498 0.01436693 0.9940859 -0.1003527 0.03893831
-3.073134 0.4952437 -4.347347 0.01422286 0.9942167 -0.1000044 0.03647057
-3.074861 0.4955083 -4.347088 0.01402062 0.994312 -0.09988053 0.03422029
-3.07721 0.4962488 -4.346403 0.01402587 0.9944257 -0.09948727 0.03198906
-3.078792 0.496437 -4.345834 0.014182 0.9945648 -0.09881659 0.02958167
-3.080309 0.4965893 -4.345281 0.01441658 0.9946618 -0.0985097 0.02712746
-3.082591 0.4971162 -4.345309 0.01453912 0.9947633 -0.09811829 0.02464941
-3.084161 0.4972652 -4.344714 0.01462579 0.994864 -0.0976403 0.02231761
-3.085771 0.4974021 -4.344161 0.01463759 0.9949135 -0.0976126 0.02011506
-3.088275 0.4976277 -4.344835 0.01455083 0.9949802 -0.09737599 0.01790401
-3.089969 0.4975589 -4.344361 0.01461819 0.9950327 -0.09720226 0.01575049
-3.091636 0.4973625 -4.344146 0.01473656 0.9949969 -0.0978844 0.01351289
-3.094546 0.4974881 -4.346085 0.0148851 0.9949456 -0.09866995 0.01122328
-3.096265 0.4972232 -4.345931 0.01510164 0.99492 -0.09912932 0.008924344
-3.098031 0.4970282 -4.345605 0.01513255 0.9949149 -0.0993403 0.006848083
-3.100729 0.4968695 -4.347953 0.01522034 0.9949087 -0.09951172 0.004742764
-3.10244 0.4966549 -4.347631 0.01553679 0.994927 -0.09935872 0.002587661
-3.104739 0.4962173 -4.351171 0.01580555 0.9949056 -0.09956126 0.0008524733
-3.106306 0.4959424 -4.351147 0.0162451 0.994853 -0.1000112 -0.001238242
-3.107807 0.4956741 -4.35108 0.0165939 0.9948244 -0.1001873 -0.003398467
-3.109249 0.4953737 -4.350885 0.01693416 0.9948087 -0.1002077 -0.005226293
-3.111021 0.4948645 -4.355206 0.0171938 0.9947171 -0.1009829 -0.006691359
-3.112247 0.494438 -4.355303 0.01755333 0.9946154 -0.1018143 -0.008121648
-3.11323 0.4940211 -4.355328 0.01796273 0.9945546 -0.1022128 -0.009539363
-3.114655 0.4935608 -4.357364 0.01833305 0.9944869 -0.1026918 -0.01068747
-3.115157 0.4933118 -4.357166 0.01885846 0.9944453 -0.1029352 -0.01128096
-3.115365 0.4932093 -4.356636 0.01933623 0.9944832 -0.1024796 -0.01128248
-3.116926 0.4929818 -4.358038 0.01967838 0.9945101 -0.1022232 -0.01062583
-3.11659 0.492958 -4.357304 0.02012062 0.9945361 -0.1019954 -0.009491463
-3.115922 0.4930114 -4.356442 0.02030194 0.9945893 -0.1015893 -0.007718165
-3.117376 0.4926481 -4.3607 0.02011204 0.9945691 -0.1019862 -0.005156298
-3.116173 0.492684 -4.359873 0.0201855 0.9945548 -0.1022165 -0.00227559
-3.114612 0.4927237 -4.358769 0.02040044 0.9945784 -0.1019662 0.0008457602
-3.114031 0.4929127 -4.360839 0.02059701 0.9946038 -0.1015866 0.004391208
-3.112022 0.4930038 -4.359436 0.02084229 0.9946315 -0.1010167 0.008325138
-3.109788 0.4931643 -4.35794 0.02099046 0.9946385 -0.1004634 0.01267904
-3.108265 0.4936198 -4.35778 0.02114767 0.9945523 -0.1005631 0.01748349
-3.105637 0.493836 -4.356341 0.0214676 0.9944118 -0.1008828 0.022516
-3.102847 0.4941438 -4.354661 0.02170792 0.994291 -0.1007138 0.0277657
-3.100931 0.494866 -4.354142 0.02189181 0.9941438 -0.1004382 0.0333334
-3.097906 0.4952993 -4.352035 0.02213019 0.9939816 -0.09988599 0.0391608
-3.094731 0.4957555 -4.349696 0.02231434 0.9937972 -0.09907957 0.04530429
-3.092398 0.4965116 -4.347858 0.02249473 0.9935451 -0.0984057 0.05175346
-3.088989 0.4968224 -4.345359 0.02283547 0.9932155 -0.09799856 0.05829114
-3.085442 0.4970113 -4.342824 0.02320183 0.9928033 -0.09793874 0.06489522
-3.082735 0.4970844 -4.340634 0.0235562 0.9923357 -0.09784622 0.07170034
-3.079154 0.4970343 -4.337955 0.02407977 0.9918162 -0.09795447 0.07826736
-3.075711 0.4969316 -4.335173 0.02459908 0.99125 -0.09814721 0.08476697
-3.073197 0.4966604 -4.332343 0.02488134 0.9906598 -0.09802106 0.09146517
-3.070123 0.4965535 -4.329317 0.02501422 0.9900242 -0.09788036 0.0982128
-3.067056 0.4964513 -4.326435 0.02526671 0.9893078 -0.09824581 0.1047826
-3.064703 0.4963512 -4.324115 0.02564103 0.9885625 -0.09883492 0.1109883
-3.061639 0.4962982 -4.321196 0.0260847 0.9878685 -0.09889954 0.1168516
-3.058699 0.4962258 -4.318097 0.0265556 0.9872078 -0.09852093 0.1225122
-3.056167 0.4960822 -4.315538 0.02713868 0.9865359 -0.09819515 0.1279383
-3.053327 0.4956832 -4.312634 0.02788014 0.9858195 -0.0983893 0.1330495
-3.050489 0.4951773 -4.309969 0.02856469 0.9850388 -0.09927209 0.1379407
-3.048083 0.494649 -4.307345 0.02896616 0.9842006 -0.1002578 0.1430333
-3.045402 0.4942426 -4.304602 0.02905327 0.9833558 -0.1009498 0.1482446
-3.042785 0.4939046 -4.301818 0.02904838 0.9825823 -0.1012279 0.153105
-3.040514 0.4936073 -4.299072 0.02930808 0.981825 -0.1015581 0.1576284
-3.038163 0.4933752 -4.296462 0.02972999 0.981139 -0.1017602 0.1616395
-3.035952 0.4932399 -4.293933 0.03014955 0.980562 -0.1016264 0.1651098
-3.034426 0.4931318 -4.290778 0.03057713 0.9800497 -0.1012052 0.1683006
-3.032587 0.4931229 -4.288372 0.03094828 0.9795485 -0.10098 0.1712604
-3.030911 0.4931617 -4.286047 0.03125215 0.9790242 -0.1008247 0.1742683
-3.029644 0.4932647 -4.283162 0.03152743 0.9785161 -0.100468 0.1772526
-3.028135 0.493341 -4.281033 0.0316515 0.9780548 -0.1003538 0.1798227
-3.026639 0.4934156 -4.278989 0.0316087 0.9775875 -0.1002337 0.1824193
-3.025335 0.4933786 -4.276453 0.03158147 0.9770894 -0.1002389 0.1850707
-3.023842 0.4933126 -4.274714 0.03161854 0.9765879 -0.1006868 0.1874528
-3.022367 0.4931253 -4.273075 0.03185428 0.9761434 -0.1010339 0.1895301
-3.020733 0.492361 -4.271217 0.03229994 0.9757356 -0.1014967 0.1912986
-3.019512 0.4921211 -4.269552 0.03266517 0.9753732 -0.1013538 0.1931516
-3.018357 0.4919645 -4.267974 0.0330928 0.9750789 -0.1011783 0.1946509
-3.016922 0.4918519 -4.266382 0.03346747 0.9747834 -0.1016175 0.1958346
-3.016171 0.4920571 -4.264802 0.0332993 0.9745322 -0.1009558 0.1974492
-3.015605 0.4923186 -4.263288 0.03299156 0.9743894 -0.09977892 0.198799
-3.015221 0.4925709 -4.262319 0.03297201 0.974273 -0.09954142 0.1994906
-3.014899 0.492837 -4.261388 0.032989 0.9741393 -0.09936126 0.2002293
-3.014751 0.4931939 -4.260521 0.03286854 0.9741107 -0.09874056 0.2006948
-3.014493 0.4936185 -4.259511 0.03275055 0.9742026 -0.09785612 0.200701
-3.014685 0.4941324 -4.258707 0.03261071 0.9742815 -0.09691666 0.2007969
-3.015077 0.4947674 -4.257856 0.03233838 0.9743513 -0.09564067 0.2011137
-3.014604 0.4950859 -4.255481 0.03216598 0.9744545 -0.09420724 0.2013175
-3.015087 0.4958997 -4.25453 0.03184593 0.9746575 -0.09241357 0.2012169
-3.015687 0.4968631 -4.253526 0.03131765 0.9748705 -0.09042823 0.2011704
-3.015125 0.4975518 -4.25127 0.03076062 0.9751382 -0.08816926 0.2009616
-3.01575 0.4985869 -4.250324 0.03016743 0.9753785 -0.08609573 0.2007844
-3.016392 0.4995807 -4.249487 0.02962932 0.9755712 -0.08419751 0.2007332
-3.016507 0.5003779 -4.248242 0.02914608 0.9757604 -0.08235069 0.2006502
-3.016989 0.5012113 -4.247663 0.02886433 0.9759007 -0.08120719 0.2004751
-3.017421 0.5019615 -4.247095 0.02874044 0.9760488 -0.08003927 0.2002411
-3.017299 0.5024996 -4.245765 0.02857193 0.9762086 -0.0784221 0.2001263
-3.017727 0.5032583 -4.244996 0.02833659 0.9763297 -0.07669348 0.2002384
-3.018127 0.5040867 -4.244318 0.02800733 0.9765107 -0.07490078 0.200081
-3.017907 0.504742 -4.242987 0.0277119 0.9766769 -0.07284366 0.20007
-3.018264 0.505695 -4.242189 0.02735221 0.9768271 -0.07064235 0.2001759
-3.018613 0.5066932 -4.241435 0.02697886 0.9770028 -0.06851447 0.2001087
-3.018262 0.5073965 -4.2393 0.02649191 0.9771788 -0.06576289 0.2002373
-3.018565 0.5084658 -4.238358 0.0258494 0.9773336 -0.06308043 0.2004287
-3.018818 0.5095755 -4.237412 0.025215 0.9774247 -0.06050444 0.2008591
-3.018589 0.5105476 -4.235887 0.02463979 0.9775476 -0.05777679 0.2011353
-3.018678 0.5116289 -4.235063 0.02419648 0.9776149 -0.05550759 0.2015005
-3.018797 0.512718 -4.234229 0.02370903 0.9776579 -0.05304728 0.2020122
-3.018725 0.5136749 -4.233014 0.02313286 0.9777436 -0.05047949 0.202322
-3.018825 0.514704 -4.232322 0.0227021 0.977852 -0.04811244 0.2024233
-3.018941 0.5156773 -4.231676 0.02234742 0.9780006 -0.04546379 0.2023575
-3.018998 0.5165758 -4.230603 0.02180433 0.9780983 -0.04263306 0.2025606
-3.019234 0.5177026 -4.229929 0.02106229 0.978151 -0.03984037 0.2029528
-3.019503 0.5188652 -4.229278 0.0202696 0.9781749 -0.03695835 0.2034627
-3.019652 0.5200084 -4.228448 0.01950893 0.9782465 -0.03427047 0.2036636
-3.019867 0.5211938 -4.22802 0.01876479 0.9783309 -0.03185134 0.2037205
-3.02006 0.5223088 -4.227658 0.01806045 0.9784644 -0.02933011 0.2035214
-3.020502 0.5230736 -4.226143 0.0173887 0.9786875 -0.02627982 0.2029229
-3.020774 0.5241086 -4.22577 0.01677418 0.9789278 -0.02328337 0.2021803
-3.021053 0.5251366 -4.225469 0.01621387 0.9791536 -0.02058766 0.2014236
-3.021175 0.5260143 -4.224726 0.0157052 0.9793738 -0.0177289 0.2006638
-3.021557 0.5270142 -4.224303 0.0152235 0.9795083 -0.01509979 0.2002593
-3.021935 0.5280486 -4.223831 0.01470843 0.9795871 -0.01279854 0.2000723
-3.021904 0.5290935 -4.223964 0.01396883 0.9797388 -0.009917364 0.1995456
-3.022354 0.5301227 -4.223351 0.01319441 0.9798605 -0.006819278 0.1991298
-3.022819 0.5311618 -4.222843 0.01239658 0.9800398 -0.004036658 0.1983734
-3.023305 0.5319664 -4.222937 0.01148427 0.9801903 -0.001054302 0.1977218
-3.023855 0.5328793 -4.22257 0.01078183 0.9802583 0.000905104 0.1974246
-3.024167 0.5337138 -4.223223 0.01012167 0.9803164 0.002582483 0.1971564
-3.0248 0.5344872 -4.222867 0.009348782 0.9803348 0.004565262 0.1970673
-3.025416 0.535239 -4.222481 0.008621395 0.9803341 0.006256737 0.1970573
-3.026044 0.5359666 -4.222014 0.007924438 0.9803586 0.008127198 0.1968963
-3.026463 0.5367683 -4.221856 0.007154495 0.9803749 0.01041935 0.1967367
-3.027225 0.5376115 -4.221079 0.006259323 0.9803414 0.01261708 0.1968056
-3.028107 0.538558 -4.220039 0.005132408 0.9802591 0.015647 0.1970302
-3.028683 0.539668 -4.219095 0.003945262 0.9801816 0.01949813 0.1971
-3.029533 0.5407394 -4.218005 0.002894819 0.9801965 0.02274347 0.1966957
-3.030375 0.541868 -4.216984 0.001902998 0.9801993 0.02521628 0.1963922
-3.031349 0.5425892 -4.215173 0.0006806851 0.9800647 0.02860522 0.1966071
-3.032301 0.5436945 -4.213718 -0.0006871522 0.9799097 0.03215219 0.1968321
-3.033242 0.5448083 -4.212215 -0.00201118 0.9797411 0.03539097 0.1971062
-3.034311 0.5455184 -4.209829 -0.003409147 0.979548 0.0393935 0.1972871
-3.035175 0.5465637 -4.208292 -0.00453061 0.9793993 0.04272039 0.197311
-3.035967 0.5476126 -4.206846 -0.005277217 0.9792009 0.04540031 0.197678
-3.037059 0.5482323 -4.204797 -0.006039978 0.9790764 0.04863829 0.1975024
-3.037772 0.5492702 -4.203355 -0.00665465 0.9789659 0.05165765 0.1972642
-3.038502 0.5503289 -4.201796 -0.007342995 0.9787709 0.0549713 0.1973114
-3.039169 0.5511466 -4.199942 -0.008099258 0.9785897 0.05804025 0.1973017
-3.039924 0.552281 -4.198384 -0.008904546 0.9783574 0.06060833 0.1976466
-3.040757 0.5533836 -4.196692 -0.009998084 0.9780493 0.06366471 0.1981575
-3.041622 0.5538459 -4.194063 -0.011145 0.9777125 0.06728717 0.198561
-3.042314 0.5547638 -4.192367 -0.01195318 0.9774458 0.07058518 0.1986819
-3.042882 0.5556387 -4.190786 -0.01245734 0.9772626 0.07332486 0.1985603
-3.043183 0.5565186 -4.188639 -0.01300904 0.9770197 0.07698909 0.1983329
-3.043718 0.5573107 -4.186787 -0.01355341 0.97672 0.08046551 0.1983926
-3.044255 0.5581301 -4.184977 -0.01412133 0.9764349 0.0834573 0.1985205
-3.044811 0.5591956 -4.183103 -0.01474482 0.9762325 0.08600882 0.1983812
-3.045341 0.5600255 -4.181321 -0.01541588 0.9759689 0.08866153 0.1984598
-3.045946 0.5608436 -4.179234 -0.01651374 0.9755135 0.09223768 0.1989798
-3.046455 0.5619156 -4.177116 -0.01784775 0.9751331 0.09585427 0.1990201
-3.046942 0.5627923 -4.175226 -0.01910103 0.9748566 0.099232 0.1986023
-3.0474 0.5635837 -4.173401 -0.02009285 0.9745625 0.1024117 0.1983332
-3.04783 0.5644059 -4.171451 -0.02089539 0.974342 0.1050199 0.1979694
-3.048276 0.5650877 -4.169924 -0.02164856 0.9741385 0.1070519 0.1978016
-3.04878 0.5656534 -4.168246 -0.02258229 0.9737537 0.1097008 0.1981402
-3.04886 0.5659086 -4.16638 -0.02336446 0.973403 0.1126618 0.198111
-3.049134 0.566261 -4.164847 -0.0238333 0.9731213 0.1154314 0.1978447
-3.049344 0.5666117 -4.163237 -0.02431488 0.9727942 0.1186966 0.1974621
-3.04947 0.5672774 -4.16223 -0.02481514 0.9724861 0.1218039 0.1970251
-3.049771 0.5677472 -4.160595 -0.0253852 0.9720674 0.1248616 0.1971045
-3.050185 0.5682784 -4.158861 -0.02601347 0.9715632 0.1277925 0.1976294
-3.050333 0.5691202 -4.158047 -0.0267399 0.971141 0.1306317 0.1977513
-3.050758 0.5697731 -4.156516 -0.02748633 0.9707803 0.1331852 0.1977169
-3.051294 0.5703666 -4.154896 -0.02829698 0.9703282 0.1359465 0.1979424
-3.051647 0.5709407 -4.153558 -0.02913267 0.9697745 0.1392711 0.1982228
-3.052174 0.5714289 -4.151877 -0.02988541 0.9693192 0.1423176 0.1981739
-3.052703 0.5718768 -4.150236 -0.03069496 0.9688743 0.1457303 0.1977449
-3.053121 0.5720246 -4.149822 -0.03144157 0.9684 0.1491477 0.197403
-3.053581 0.5725214 -4.148381 -0.03209019 0.9680335 0.151946 0.1969614
-3.054129 0.5731353 -4.147079 -0.03278789 0.9677171 0.1542474 0.1966121
-3.054531 0.5738214 -4.146112 -0.03369689 0.967213 0.1570233 0.1967417
-3.055356 0.5744264 -4.144619 -0.03492007 0.9665824 0.1603465 0.1969471
-3.056177 0.5750549 -4.143349 -0.03611064 0.9661121 0.1630357 0.1968318
-3.056679 0.5756758 -4.142455 -0.03716579 0.965647 0.1657459 0.1966546
-3.057402 0.5760865 -4.14121 -0.03818026 0.9651551 0.1687528 0.1963171
-3.058025 0.5765116 -4.140066 -0.0390251 0.9647684 0.1711945 0.1959373
-3.05851 0.5769301 -4.139676 -0.03983048 0.9642701 0.173869 0.1958733
-3.059246 0.5772737 -4.138237 -0.04078585 0.9636977 0.1770345 0.1956578
-3.060043 0.5776855 -4.136835 -0.0418472 0.9631435 0.179678 0.1957534
-3.060553 0.5779548 -4.136082 -0.04268042 0.962613 0.1817533 0.1962662
-3.061419 0.5782923 -4.134628 -0.04350144 0.961941 0.1845553 0.196765
-3.06222 0.5786898 -4.133383 -0.04427284 0.9614159 0.1869358 0.1969121
-3.062618 0.579205 -4.132822 -0.04480723 0.9611057 0.1881967 0.1971048
-3.063309 0.5797138 -4.131804 -0.04559935 0.9606677 0.1899184 0.1974065
-3.064009 0.5801682 -4.13074 -0.04658604 0.9601887 0.1919717 0.19752
-3.064375 0.5804784 -4.130189 -0.04750398 0.9597919 0.1934942 0.1977446
-3.065117 0.5808021 -4.129015 -0.04840351 0.959248 0.1952448 0.1984437
-3.065911 0.581033 -4.127669 -0.04931185 0.958533 0.1975987 0.1993428
-3.066319 0.5806854 -4.126922 -0.04997346 0.9578921 0.1997292 0.2001339
-3.066907 0.5810019 -4.125817 -0.05043707 0.9575239 0.2009104 0.2005967
-3.067511 0.5812662 -4.124622 -0.05092708 0.9570068 0.2025247 0.2013163
-3.067823 0.5811189 -4.12361 -0.05142993 0.9564455 0.2045182 0.2018401
-3.06803 0.5814902 -4.123123 -0.05137888 0.9566162 0.2037668 0.2018041
-3.06821 0.5819659 -4.122973 -0.05139512 0.956925 0.2019356 0.202176
-3.068167 0.5818785 -4.123399 -0.05182419 0.9565965 0.2021084 0.2034447
-3.068396 0.5818787 -4.12281 -0.05218766 0.9562525 0.2024704 0.2046052
-3.068449 0.5819411 -4.122328 -0.05223683 0.956179 0.2016415 0.2057515
-3.068097 0.5817252 -4.122398 -0.05256377 0.9557068 0.2021908 0.2073175
-3.068061 0.5817275 -4.121328 -0.05302805 0.955139 0.2030621 0.2089577
-3.067847 0.5819154 -4.120357 -0.05319593 0.9548101 0.2027999 0.2106659
-3.067266 0.5818865 -4.120424 -0.05358908 0.9542397 0.2031562 0.2127967
-3.06709 0.5820169 -4.119069 -0.05418578 0.9534959 0.203863 0.2152888
-3.066765 0.5822887 -4.117907 -0.05468632 0.953023 0.2034972 0.2175903
-3.065983 0.5822831 -4.117645 -0.05522037 0.9524406 0.2032779 0.220195
-3.065611 0.582244 -4.116164 -0.05588735 0.9515255 0.2040243 0.2232709
-3.065169 0.582221 -4.114776 -0.0565437 0.9507203 0.2045638 0.2260251
-3.064379 0.5822107 -4.114605 -0.05695954 0.9501185 0.2040302 0.2289151
-3.063827 0.5822622 -4.113304 -0.05752006 0.9493567 0.2038427 0.2320811
-3.063358 0.5822737 -4.111833 -0.05836684 0.9483735 0.2042129 0.2355381
-3.062909 0.5823395 -4.110248 -0.0591951 0.9475414 0.2035977 0.2391849
-3.062263 0.5826226 -4.108984 -0.06001031 0.946841 0.2024701 0.2426868
-3.061771 0.5827706 -4.107426 -0.06106097 0.9457892 0.202316 0.2466225
-3.060883 0.5827101 -4.10653 -0.06211562 0.9446054 0.2024226 0.2507737
-3.060357 0.5828277 -4.104773 -0.06307659 0.9435112 0.2020701 0.2549031
-3.060011 0.582817 -4.102711 -0.06424972 0.9420401 0.2025516 0.2596253
-3.059457 0.5826527 -4.100648 -0.06548739 0.9404782 0.2032885 0.2643596
-3.05879 0.5827538 -4.098731 -0.06638385 0.9392136 0.2029618 0.2688447
-3.057978 0.58284 -4.096856 -0.06712888 0.9379684 0.2021898 0.2735476
-3.056907 0.5825322 -4.095521 -0.06801961 0.9365243 0.2019283 0.2784251
-3.055954 0.5825092 -4.093643 -0.0688122 0.9351845 0.2013001 0.2831486
-3.054857 0.5825294 -4.091776 -0.06954423 0.9339312 0.2003691 0.2877297
-3.053438 0.5824895 -4.090004 -0.07026983 0.9324551 0.1998517 0.2926584
-3.052449 0.5824448 -4.087899 -0.0710109 0.9308541 0.1992935 0.2979095
-3.051538 0.5823837 -4.085678 -0.07179214 0.9291218 0.19885 0.3033765
-3.050356 0.5824296 -4.083766 -0.0725574 0.9273793 0.1984601 0.308734
-3.049368 0.5823959 -4.081483 -0.07338846 0.9256923 0.1980813 0.3138022
-3.048279 0.5824307 -4.078877 -0.07440615 0.9236659 0.1974998 0.3198419
-3.047038 0.5825502 -4.076734 -0.07525835 0.9218122 0.1968088 0.3253689
-3.046082 0.582607 -4.07435 -0.07628361 0.9199254 0.1963876 0.3306811
-3.045158 0.5826462 -4.071895 -0.07736459 0.9179178 0.1960227 0.3361795
-3.043747 0.5827339 -4.069561 -0.07835683 0.9159449 0.1952752 0.3417203
-3.042855 0.5827879 -4.067109 -0.07955471 0.9138376 0.1947742 0.3473255
-3.041953 0.5828267 -4.064634 -0.08069546 0.9116329 0.1942298 0.3531126
-3.040594 0.5827653 -4.061655 -0.08166332 0.9094328 0.1934826 0.3589255
-3.039533 0.5827234 -4.059189 -0.08251739 0.9071651 0.1926726 0.3648557
-3.038376 0.5826669 -4.056765 -0.08328242 0.90496 0.1915863 0.3706833
-3.036303 0.5825098 -4.053723 -0.08400744 0.9027197 0.190591 0.3764504
-3.035185 0.5823705 -4.051144 -0.08489123 0.900326 0.1898741 0.3823014
-3.034178 0.5822574 -4.048548 -0.08594804 0.8978396 0.1894664 0.3880716
-3.031993 0.5822132 -4.045665 -0.08675668 0.8954385 0.1887704 0.3937373
-3.030918 0.5822572 -4.04318 -0.08781195 0.8930417 0.1880667 0.399245
-3.029934 0.5822748 -4.040718 -0.08897833 0.8905006 0.1874492 0.4049127
-3.02826 0.5821519 -4.037054 -0.08972356 0.8880104 0.1862842 0.4107133
-3.027179 0.5821741 -4.034608 -0.0903405 0.885518 0.1849758 0.4165099
-3.026256 0.5819965 -4.032002 -0.09111272 0.8828964 0.1845513 0.4220586
-3.024621 0.5814589 -4.028538 -0.09199072 0.8802341 0.1846886 0.4273357
-3.02386 0.5811467 -4.025953 -0.0928366 0.8775645 0.1844643 0.4327064
-3.023119 0.5808986 -4.023554 -0.09361012 0.8748945 0.1838184 0.4381868
-3.021432 0.5803461 -4.020244 -0.09438071 0.8721643 0.1830723 0.4437412
-3.020696 0.5801566 -4.018176 -0.09523596 0.8694529 0.1822234 0.4491954
-3.019872 0.5800409 -4.01633 -0.09571753 0.8669496 0.1809991 0.4543962
-3.016933 0.5797915 -4.013892 -0.09625977 0.8644471 0.1802227 0.459331
-3.016239 0.579618 -4.012165 -0.09723193 0.8618485 0.17996 0.4640879
-3.015424 0.5794557 -4.010637 -0.09787685 0.8595138 0.1794001 0.4684781
-3.010892 0.5795352 -4.009474 -0.09801916 0.8572524 0.1784705 0.4729259
-3.00995 0.5793294 -4.008245 -0.09850733 0.8548148 0.177784 0.4774735
-3.008977 0.5791634 -4.007191 -0.09900583 0.8525004 0.1769049 0.4818149
-3.005476 0.5785297 -4.004292 -0.0992657 0.850378 0.1758458 0.4858826
-3.004322 0.5784903 -4.003468 -0.09961272 0.8484024 0.1746535 0.4896803
-3.003348 0.5784236 -4.002737 -0.1002397 0.8463153 0.1738906 0.4934213
-2.999444 0.5780714 -4.001447 -0.1007189 0.8441677 0.1732228 0.4972228
-2.998363 0.5780616 -4.000954 -0.1011983 0.8421368 0.172314 0.5008717
-2.997233 0.5780299 -4.000572 -0.1016803 0.8400927 0.171608 0.5044365
-2.993731 0.5774038 -3.99772 -0.1015086 0.8383211 0.1705267 0.507774
-2.992154 0.5774734 -3.99772 -0.1011112 0.8368129 0.1689138 0.5108707
-2.990729 0.5774617 -3.997837 -0.1010254 0.835318 0.167831 0.5136833
-2.986943 0.5774506 -3.996965 -0.1008252 0.8339983 0.167256 0.5160491
-2.985317 0.577408 -3.997466 -0.1004338 0.8330985 0.1662566 0.5178984
-2.983612 0.5774424 -3.998193 -0.1000581 0.8323765 0.165002 0.5195307
-2.97957 0.5761833 -3.994973 -0.09955578 0.8315217 0.1637672 0.5213833
-2.977625 0.5761651 -3.995964 -0.09893335 0.8308111 0.1621588 0.5231345
-2.975488 0.5761715 -3.99724 -0.09796076 0.8303269 0.1598929 0.5247812
-2.971562 0.574593 -3.995417 -0.09692139 0.8300396 0.1576132 0.5261167
-2.969161 0.5744109 -3.997006 -0.09576353 0.8300736 0.154841 0.5270972
-2.966713 0.5740913 -3.998734 -0.09463282 0.8303312 0.1521226 0.5276869
-2.96384 0.5726091 -3.999413 -0.09325413 0.8307017 0.1490946 0.5282132
-2.961102 0.5720651 -4.001431 -0.09137286 0.8311827 0.1454581 0.528799
-2.958239 0.5714086 -4.003578 -0.08949915 0.8318738 0.1417706 0.529034
-2.95592 0.5690905 -4.004537 -0.0874494 0.8327383 0.137687 0.5290954
-2.952648 0.5683045 -4.006927 -0.08489776 0.8336841 0.1328723 0.5292525
-2.949208 0.5674637 -4.009466 -0.08198912 0.8348227 0.1274169 0.5292578
-2.947101 0.5651856 -4.011096 -0.0793331 0.8357441 0.1221544 0.5294491
-2.94425 0.5641777 -4.013307 -0.07691807 0.836494 0.1177659 0.5296155
-2.940801 0.5629394 -4.015853 -0.07346297 0.8376092 0.1122383 0.5295438
-2.93912 0.5606565 -4.017378 -0.06991739 0.8388478 0.1068034 0.5291872
-2.935922 0.5591536 -4.019648 -0.06657053 0.8399981 0.1018451 0.5287713
-2.932884 0.5575621 -4.021791 -0.06368387 0.841034 0.09716942 0.5283601
-2.932398 0.5540817 -4.022544 -0.06073556 0.8420179 0.09183545 0.5280941
-2.929438 0.5523053 -4.02452 -0.05785776 0.8429608 0.08646969 0.5278187
-2.926664 0.5504446 -4.026392 -0.05542624 0.8436052 0.08159386 0.5278264
-2.927796 0.5459478 -4.026593 -0.05265778 0.8441046 0.07651742 0.5280716
-2.925164 0.5437402 -4.028197 -0.04956646 0.8446385 0.07164583 0.5282007
-2.922514 0.5413893 -4.029755 -0.04633793 0.8452402 0.06684233 0.5281609
-2.923281 0.5372578 -4.030153 -0.04299799 0.845756 0.06171726 0.5282414
-2.920802 0.5346487 -4.031508 -0.04003191 0.8461521 0.05666731 0.5284061
-2.918309 0.5320686 -4.032879 -0.03736371 0.8464659 0.0512434 0.5286525
-2.919367 0.527919 -4.03331 -0.03461379 0.8466367 0.04568509 0.5290757
-2.916867 0.5250251 -4.034604 -0.03152871 0.8467739 0.04013303 0.5294991
-2.914184 0.5220594 -4.035893 -0.02811796 0.8470948 0.03447262 0.5295767
-2.914103 0.5186219 -4.036386 -0.02455273 0.8474338 0.02874058 0.5295537
-2.911546 0.515508 -4.03755 -0.02106583 0.8478844 0.02358142 0.5292374
-2.909167 0.5123931 -4.03863 -0.01799932 0.8481925 0.01884592 0.5290467
-2.906761 0.5104021 -4.03931 -0.0154382 0.8484187 0.01417699 0.5289106
-2.904715 0.5075485 -4.0405 -0.01275745 0.8485814 0.009386838 0.5288277
-2.903039 0.5048795 -4.041748 -0.01068533 0.8485774 0.004859299 0.5289411
-2.903962 0.5029632 -4.042475 -0.009289415 0.8482288 0.0006529689 0.5295482
-2.902724 0.5004918 -4.043553 -0.00773114 0.8481087 -0.003615946 0.5297536
-2.901474 0.4979943 -4.044662 -0.006207139 0.848367 -0.007476241 0.5293195
-2.901554 0.4965098 -4.045105 -0.00443089 0.8484821 -0.01112869 0.5290885
-2.900481 0.4939415 -4.045987 -0.002671123 0.8485982 -0.01416689 0.5288416
-2.90054 0.4925132 -4.046425 -0.0006863177 0.8488412 -0.01747423 0.5283586
-2.899283 0.4900989 -4.047416 0.001633942 0.8491118 -0.02142015 0.5277761
-2.898024 0.4878815 -4.048394 0.003491193 0.8496976 -0.0250884 0.5266616
-2.89685 0.4857123 -4.049295 0.005236149 0.8505006 -0.02829676 0.5251863
-2.895871 0.4854339 -4.049862 0.007247835 0.8512414 -0.03139606 0.5237843
-2.895162 0.483137 -4.050601 0.009103716 0.8517859 -0.0340561 0.5227028
-2.894639 0.4808716 -4.051268 0.01059082 0.8522113 -0.03650374 0.5218153
-2.895165 0.4806492 -4.053501 0.01190809 0.8525383 -0.03895939 0.5210747
-2.894981 0.4787889 -4.054291 0.01319999 0.8529451 -0.04089079 0.5202293
-2.894871 0.4772273 -4.055011 0.01442081 0.8533055 -0.04257119 0.5194705
-2.896222 0.4771241 -4.055731 0.01539144 0.8537675 -0.04424805 0.5185426
-2.896339 0.476218 -4.05638 0.01606849 0.8543401 -0.0453417 0.5174834
-2.896543 0.4754795 -4.05685 0.01665265 0.855187 -0.0456439 0.5160374
-2.898007 0.4760732 -4.057479 0.0172078 0.8564856 -0.04543455 0.5138794
-2.898412 0.4757127 -4.058073 0.01772562 0.8578289 -0.04524805 0.5116327
-2.899044 0.4755458 -4.058861 0.01788664 0.8588962 -0.04526344 0.5098319
-2.898542 0.4773282 -4.060658 0.01747182 0.8599629 -0.04534874 0.5080375
-2.899266 0.4773281 -4.062168 0.01697657 0.8611878 -0.04547055 0.5059643
-2.899838 0.4772273 -4.063944 0.01687527 0.8626277 -0.04588114 0.5034716
-2.900369 0.4779291 -4.066381 0.01676399 0.8644321 -0.04589912 0.5003692
-2.900789 0.4776744 -4.068616 0.01689702 0.866572 -0.04589455 0.4966501
-2.901276 0.477405 -4.071064 0.01708928 0.8689352 -0.04580991 0.4925048
-2.901614 0.4777263 -4.074293 0.01720476 0.8714414 -0.04545576 0.4880857
-2.902249 0.4775035 -4.077098 0.01744694 0.8739876 -0.04546596 0.483502
-2.903024 0.4773132 -4.080059 0.01762986 0.8765349 -0.0457877 0.4788311
-2.903481 0.477106 -4.083863 0.01753301 0.8791181 -0.04589412 0.4740651
-2.904405 0.4769034 -4.08708 0.01738498 0.8818429 -0.0462592 0.4689468
-2.905354 0.4766422 -4.090456 0.01744938 0.8845478 -0.0470447 0.4637431
-2.905789 0.4762772 -4.094764 0.01734233 0.8872126 -0.04718905 0.4586135
-2.906938 0.4759212 -4.098189 0.0170748 0.8899651 -0.04725126 0.4532526
-2.907875 0.4755493 -4.101821 0.01731628 0.8927675 -0.04820335 0.4475967
-2.907855 0.4751542 -4.106356 0.01773548 0.8954318 -0.0491719 0.4421195
-2.909022 0.4748245 -4.109792 0.01766047 0.8980646 -0.04939788 0.4367242
-2.910299 0.4745887 -4.113136 0.01743782 0.9006627 -0.04957486 0.4313294
-2.910877 0.4745885 -4.117328 0.01713303 0.9032283 -0.04952193 0.425949
-2.912264 0.4743347 -4.120421 0.01685983 0.9057561 -0.04911815 0.4206057
-2.91357 0.473978 -4.12348 0.01696775 0.9080847 -0.04916489 0.4155445
-2.91435 0.4740748 -4.127655 0.01739636 0.9102607 -0.0498156 0.4106596
-2.915549 0.4736684 -4.130608 0.01735833 0.9124172 -0.04997057 0.4058282
-2.916773 0.4733984 -4.133469 0.01703712 0.9144632 -0.05011694 0.4011922
-2.918043 0.473279 -4.137265 0.0168235 0.9162951 -0.05070198 0.3969254
-2.919283 0.4730955 -4.139987 0.01660636 0.9180133 -0.05132513 0.3928634
-2.920671 0.4729664 -4.142482 0.01605314 0.9196219 -0.05124441 0.3891167
-2.922341 0.4732459 -4.145853 0.01559663 0.9211528 -0.05125781 0.3854958
-2.923548 0.4731341 -4.148303 0.01547212 0.9227798 -0.05162621 0.3815402
-2.924765 0.4729648 -4.150668 0.01538041 0.9242914 -0.05184728 0.3778367
-2.926434 0.4728553 -4.154408 0.01506818 0.9256766 -0.05182149 0.3744466
-2.927752 0.4726407 -4.156713 0.01477924 0.9271118 -0.0519632 0.3708707
-2.929013 0.4724087 -4.159067 0.01465699 0.9285039 -0.05251228 0.3672986
-2.931031 0.4724886 -4.162538 0.01452759 0.9297773 -0.05289298 0.364013
-2.93235 0.472135 -4.164797 0.01438153 0.9310582 -0.05314291 0.3606932
-2.933585 0.4717568 -4.167086 0.0144482 0.932362 -0.05357147 0.357243
-2.934899 0.4714511 -4.170828 0.01457471 0.933598 -0.05414125 0.3539083
-2.936144 0.4710924 -4.1731 0.01459783 0.9348649 -0.05460504 0.3504751
-2.937458 0.4707201 -4.175296 0.01459199 0.9361671 -0.05474822 0.3469596
-2.939333 0.4703932 -4.178275 0.01456505 0.93746 -0.05489993 0.3434278
-2.940723 0.4700096 -4.180509 0.01457107 0.9387024 -0.05523467 0.3399628
-2.942051 0.4696109 -4.182755 0.01467368 0.9399537 -0.05566217 0.3364126
-2.943538 0.4694361 -4.186672 0.014754 0.9412373 -0.05606869 0.3327324
-2.944828 0.4690695 -4.189097 0.01495749 0.9424781 -0.05669402 0.3290851
-2.946176 0.4687687 -4.19148 0.01512391 0.9436744 -0.05729484 0.325526
-2.948107 0.4687036 -4.195354 0.01505816 0.9448374 -0.05760691 0.3220824
-2.949619 0.4685358 -4.197555 0.01481479 0.9459813 -0.05764568 0.3187113
-2.951118 0.4683635 -4.19974 0.01464823 0.9471158 -0.05769242 0.3153232
-2.953607 0.4680538 -4.202569 0.01456678 0.9482602 -0.05763675 0.3118787
-2.954985 0.4678668 -4.204826 0.01466087 0.9494494 -0.05784493 0.3081961
-2.956415 0.4676761 -4.207112 0.01472679 0.9506118 -0.05812751 0.3045351
-2.958808 0.467535 -4.210029 0.01452801 0.951699 -0.05808216 0.3011386
-2.960386 0.4674 -4.212286 0.01435825 0.9528337 -0.05816045 0.2975218
-2.961939 0.4672133 -4.214551 0.0143488 0.953907 -0.05840265 0.2940148
-2.964279 0.4668331 -4.217827 0.01441622 0.9550048 -0.05833229 0.2904398
-2.965857 0.4665578 -4.220143 0.0145073 0.9561795 -0.05827891 0.2865553
-2.967396 0.4662183 -4.222517 0.01465514 0.9573486 -0.05834582 0.2826034
-2.96963 0.466015 -4.225818 0.01489782 0.9585087 -0.05840756 0.2786175
-2.971188 0.4656225 -4.228372 0.01522505 0.9596784 -0.05877389 0.2744654
-2.972765 0.4652439 -4.23098 0.0155113 0.9608266 -0.05938276 0.2702688
-2.974954 0.4650373 -4.234873 0.01554808 0.9619282 -0.05959399 0.2662724
-2.9768 0.4648007 -4.237347 0.01565284 0.9629733 -0.05984886 0.2624034
-2.978661 0.4646428 -4.239779 0.01579917 0.9640397 -0.06012702 0.2583845
-2.981787 0.4646918 -4.242916 0.01563776 0.9650882 -0.05982575 0.2545215
-2.983809 0.4646809 -4.245028 0.01543501 0.9660901 -0.05936192 0.2508143
-2.985746 0.4646508 -4.247139 0.01540035 0.9670805 -0.05918365 0.2470131
-2.988489 0.4648635 -4.249495 0.0153282 0.968038 -0.05908178 0.2432632
-2.990386 0.4647785 -4.251518 0.01527569 0.9689438 -0.05899045 0.2396554
-2.992287 0.464673 -4.253515 0.01525909 0.9698554 -0.05887826 0.2359684
-2.994723 0.4647878 -4.256039 0.01523945 0.970727 -0.05875356 0.2323898
-2.996646 0.4647542 -4.257995 0.01523978 0.9715858 -0.05869905 0.2287864
-2.998623 0.4647625 -4.259827 0.01512626 0.9724028 -0.05842311 0.2253681
-3.001123 0.4650426 -4.262036 0.01502055 0.9731458 -0.05839721 0.222152
-3.003059 0.4651353 -4.26359 0.01484579 0.97386 -0.05813232 0.2190821
-3.00494 0.4651909 -4.264956 0.01467812 0.9745417 -0.05753205 0.2162018
-3.007378 0.465464 -4.266553 0.01483125 0.9751231 -0.05773776 0.2134979
-3.009125 0.4654301 -4.267874 0.014907 0.9756957 -0.05780204 0.2108429
-3.010919 0.4654119 -4.268972 0.01480106 0.9761992 -0.0575629 0.2085727
-3.012676 0.465393 -4.269929 0.01472023 0.9767093 -0.05765974 0.2061495
-3.014459 0.4654321 -4.270727 0.01450652 0.9771218 -0.05734163 0.2042901
-3.016162 0.4654649 -4.271187 0.01425338 0.9774173 -0.0567059 0.2030685
-3.018319 0.4656691 -4.271713 0.01424176 0.9776838 -0.0564956 0.2018414
-3.019604 0.4656106 -4.271917 0.01432294 0.9778106 -0.05645253 0.2012323
-3.020713 0.4655471 -4.271892 0.01425606 0.9778767 -0.05610031 0.2010142
-3.022376 0.4656807 -4.271985 0.01420528 0.9779711 -0.05611939 0.2005525
-3.023139 0.4655927 -4.271853 0.01428914 0.9779598 -0.05627405 0.2005587
-3.023758 0.4654683 -4.271594 0.01448444 0.9779283 -0.0563821 0.2006677
-3.025487 0.4655018 -4.27122 0.01467604 0.9779254 -0.05659627 0.2006078
-3.025929 0.4654201 -4.270848 0.01497084 0.9778135 -0.05682761 0.2010654
-3.026348 0.4653796 -4.270289 0.01518762 0.9776669 -0.05675395 0.2017814
-3.027944 0.4655431 -4.270209 0.01515162 0.9775085 -0.05648856 0.2026245
-3.028391 0.4655899 -4.269451 0.01520768 0.9773164 -0.05633247 0.2035879
-3.028821 0.4656445 -4.268467 0.01518965 0.9771346 -0.05548399 0.2046921
-3.030185 0.4658285 -4.268024 0.01508123 0.9768913 -0.054464 0.2061302
-3.030404 0.4658664 -4.267229 0.01524282 0.9767295 -0.05446761 0.2068827
-3.03058 0.4658441 -4.266593 0.01558373 0.9766821 -0.05524707 0.2068746
-3.03183 0.4659137 -4.267237 0.01578772 0.9765534 -0.055154 0.2074907
-3.032111 0.4661691 -4.265995 0.01590833 0.9763477 -0.05443274 0.2086366
-3.032404 0.4666599 -4.264397 0.01574773 0.9763107 -0.05262178 0.2092857
-3.034812 0.4669527 -4.263835 0.0153943 0.976148 -0.05069879 0.2105416
-3.035064 0.4677385 -4.262089 0.01521671 0.9760029 -0.04966811 0.2114709
-3.035368 0.4684622 -4.260197 0.01501212 0.9757428 -0.0481183 0.2130385
-3.035789 0.469103 -4.259905 0.01534212 0.9754632 -0.0485034 0.2142047
-3.035936 0.4694637 -4.258662 0.01571527 0.9752189 -0.04888082 0.215202
-3.036147 0.4696171 -4.257317 0.01593304 0.9748833 -0.04895385 0.2166848
-3.036478 0.469743 -4.257643 0.01605812 0.9746019 -0.04960614 0.2177902
-3.036641 0.4696027 -4.256661 0.01599735 0.9744545 -0.05008403 0.218344
-3.036856 0.4695415 -4.257017 0.0159021 0.9742702 -0.05086718 0.2189913
-3.036988 0.4693774 -4.256119 0.01576519 0.9740598 -0.05154124 0.2197781
-3.03712 0.4692768 -4.255169 0.01558405 0.9738172 -0.05201696 0.2207523
-3.037065 0.4692023 -4.254308 0.01569909 0.9736419 -0.0526509 0.221366
-3.037009 0.4693727 -4.254701 0.01584762 0.9735028 -0.05244746 0.2220148
-3.036863 0.4694151 -4.253581 0.01602811 0.9733593 -0.05204261 0.2227247
