-1.883706 0.001462411 0.4458843 -0.05798018 0.3286973 -0.02522984 -0.9423163
-1.883353 0.001502756 0.4468561 -0.05867498 0.329313 -0.02563339 -0.9420473
-1.882971 0.001836713 0.4481799 -0.05842933 0.3293822 -0.02565801 -0.9420378
-1.882682 0.001730807 0.4496521 -0.05833296 0.3298001 -0.02549219 -0.941902
-1.882447 0.001664244 0.4514424 -0.05906755 0.3300512 -0.02575904 -0.941761
-1.881683 0.002302572 0.4544665 -0.05880985 0.3301169 -0.0254305 -0.941763
-1.881018 0.002468936 0.4565929 -0.05837382 0.3307247 -0.02485535 -0.9415922
-1.880314 0.002629541 0.4589568 -0.05801711 0.3316163 -0.02443466 -0.9413117
-1.879533 0.002525136 0.4613284 -0.05725882 0.3319049 -0.02395255 -0.9412688
-1.878809 0.00258984 0.46415 -0.05703333 0.3325479 -0.02368021 -0.9410623
-1.878054 0.002528045 0.4672032 -0.05714877 0.3333181 -0.02352688 -0.9407867
-1.877085 0.002211884 0.4699878 -0.05657549 0.3336527 -0.02310616 -0.9407132
-1.876297 0.001753177 0.4733453 -0.05624734 0.3338616 -0.02300662 -0.9406612
-1.875655 0.001135599 0.4768881 -0.05673845 0.3343512 -0.02350462 -0.9404454
-1.875197 0.000692986 0.4805617 -0.0567538 0.334599 -0.02363011 -0.9403533
-1.874432 0.0002649948 0.4840815 -0.05625696 0.3348998 -0.02323154 -0.9402859
-1.873755 -8.074939E-05 0.4875717 -0.05636299 0.335611 -0.02295965 -0.9400327
-1.872993 -0.0002218485 0.4909365 -0.05648012 0.336345 -0.02228287 -0.9397795
-1.87243 -0.0003061444 0.4941087 -0.05625951 0.337612 -0.02107874 -0.9393661
-1.871891 -0.0004628673 0.4969261 -0.05505215 0.3397852 -0.01954451 -0.938687
-1.871672 -0.0005711205 0.4997509 -0.05511376 0.3413121 -0.0194093 -0.9381321
-1.872811 -0.001373187 0.5029599 -0.05633418 0.3415242 -0.02050292 -0.9379591
-1.874562 -0.002269946 0.505913 -0.05607045 0.3411709 -0.02123097 -0.9380873
-1.877033 -0.002679087 0.5090857 -0.05666802 0.3399228 -0.02215761 -0.938483
-1.880167 -0.003353227 0.5124863 -0.05799779 0.3390183 -0.02282801 -0.9387128
-1.883188 -0.003924835 0.5155818 -0.05805583 0.3396106 -0.02285084 -0.9384946
-1.885995 -0.004485641 0.5188133 -0.05778255 0.3403431 -0.02307439 -0.9382406
-1.889919 -0.005333103 0.5222476 -0.05809251 0.3409142 -0.02374965 -0.9379972
-1.894402 -0.006240837 0.5259584 -0.05856784 0.3408076 -0.0247058 -0.9379817
-1.899158 -0.007154126 0.5298051 -0.05899426 0.3401809 -0.02568269 -0.9381562
-1.904543 -0.00811002 0.5338549 -0.05903175 0.33935 -0.0266335 -0.9384282
-1.910188 -0.009012923 0.5379977 -0.05850772 0.3384214 -0.02744562 -0.9387729
-1.916071 -0.009782873 0.5424935 -0.05827036 0.3372363 -0.02843648 -0.9391846
-1.922708 -0.01045452 0.5471883 -0.05875902 0.3358142 -0.02937087 -0.9396348
-1.929548 -0.01076755 0.5519617 -0.05880805 0.3345234 -0.02953822 -0.9400868
-1.936464 -0.0106036 0.5570876 -0.05776188 0.333698 -0.02873016 -0.94047
-1.943724 -0.01042475 0.5618279 -0.05740038 0.333204 -0.02807781 -0.9406869
-1.951248 -0.01028761 0.5666491 -0.05797218 0.3331183 -0.0278604 -0.9406887
-1.959083 -0.009821706 0.571193 -0.05738129 0.3333512 -0.02717832 -0.9406624
-1.967058 -0.009632092 0.5759331 -0.05674277 0.3325989 -0.02662173 -0.9409833
-1.97527 -0.00941873 0.5808083 -0.05713602 0.3320985 -0.02622867 -0.9411473
-1.983457 -0.009139352 0.5852128 -0.05733837 0.3322911 -0.02528888 -0.9410927
-1.991543 -0.008965563 0.5898825 -0.0572919 0.3317414 -0.02431268 -0.9413152
-1.999629 -0.0090844 0.5945029 -0.05756101 0.331342 -0.02409888 -0.9414449
-2.007736 -0.009642012 0.5988199 -0.05845192 0.3309364 -0.02471644 -0.9415166
-2.015281 -0.009967115 0.6031327 -0.05840404 0.3302875 -0.02503583 -0.941739
-2.022501 -0.01033828 0.607249 -0.05827071 0.329512 -0.02526924 -0.9420127
-2.029656 -0.0109688 0.6113269 -0.05909379 0.3284753 -0.02588609 -0.9423067
-2.036014 -0.01123901 0.6149315 -0.05899771 0.3279825 -0.0260042 -0.9424811
-2.041817 -0.01152589 0.6183384 -0.05845496 0.3277168 -0.02615222 -0.9426032
-2.047358 -0.01215816 0.6217719 -0.05801621 0.3268851 -0.02642128 -0.9429116
-2.052698 -0.01264534 0.6253576 -0.05865208 0.3252769 -0.0266802 -0.9434209
-2.057417 -0.01301561 0.628721 -0.0589404 0.3241527 -0.02623204 -0.9438024
-2.061468 -0.01332251 0.6319245 -0.0584418 0.3233473 -0.02547792 -0.9441303
-2.06531 -0.01375358 0.6350558 -0.05900963 0.3227328 -0.02549413 -0.9443048
-2.068954 -0.01417749 0.6380978 -0.06005881 0.3227474 -0.02569288 -0.9442283
-2.07225 -0.01454264 0.6409933 -0.06006317 0.3223811 -0.02557522 -0.9443563
-2.075749 -0.01492327 0.6442668 -0.06039968 0.321556 -0.02583089 -0.9446092
-2.079107 -0.0152921 0.647625 -0.06044584 0.3209011 -0.02576605 -0.9448307
-2.08216 -0.01583527 0.6512544 -0.06130992 0.3205172 -0.02567351 -0.9449078
-2.08532 -0.01624311 0.6552827 -0.06372603 0.3207094 -0.02613265 -0.9446701
-2.088119 -0.01665133 0.6592133 -0.06481428 0.3211294 -0.0261195 -0.9444537
-2.090397 -0.01723171 0.663016 -0.06427004 0.3212173 -0.02569139 -0.9444727
-2.093223 -0.01760061 0.667226 -0.0643156 0.3210461 -0.02542299 -0.9445351
-2.096202 -0.01794443 0.6719681 -0.06488635 0.3211092 -0.02515155 -0.944482
-2.098387 -0.01865453 0.6769616 -0.06593963 0.3211447 -0.02520568 -0.9443955
-2.101367 -0.01912723 0.6826358 -0.06705751 0.3215336 -0.02525321 -0.9441831
-2.104282 -0.01952919 0.688552 -0.06787395 0.3224107 -0.02497613 -0.943833
-2.1065 -0.02009628 0.6944524 -0.06855705 0.3229424 -0.0247986 -0.9436065
-2.109704 -0.02048766 0.7010393 -0.06949615 0.3232482 -0.02503321 -0.9434268
-2.112783 -0.02072645 0.7077337 -0.06934649 0.3241341 -0.02464235 -0.9431442
-2.11578 -0.02097942 0.7148421 -0.06913097 0.3248271 -0.02392694 -0.94294
-2.119177 -0.02102872 0.7229184 -0.07027823 0.3253468 -0.02385074 -0.9426779
-2.122667 -0.020911 0.7315511 -0.07169034 0.3259469 -0.02420241 -0.9423553
-2.126096 -0.02078114 0.7408708 -0.07285473 0.3258467 -0.02473259 -0.9422868
-2.129215 -0.02028104 0.7500074 -0.07354559 0.3260791 -0.02493718 -0.9421474
-2.131977 -0.01956106 0.7591371 -0.07413898 0.3264518 -0.02503085 -0.9419693
-2.134151 -0.01871944 0.768414 -0.07399303 0.3268601 -0.02469468 -0.941848
-2.13615 -0.01768441 0.7774553 -0.07341241 0.3275264 -0.0239647 -0.9416808
-2.137934 -0.01665097 0.7866368 -0.0731748 0.3287356 -0.02342183 -0.9412916
-2.13887 -0.01563994 0.7958193 -0.07264452 0.3305042 -0.0229246 -0.9407254
-2.140176 -0.01475013 0.8052398 -0.07223329 0.332504 -0.02277362 -0.9400558
-2.141452 -0.01402381 0.8147753 -0.07185499 0.334208 -0.02310321 -0.9394723
-2.142112 -0.01350548 0.8244424 -0.07019144 0.3354249 -0.02338004 -0.9391574
-2.143239 -0.01312122 0.8340276 -0.06871799 0.3363789 -0.02398491 -0.9389099
-2.144394 -0.01277007 0.8438372 -0.0684923 0.3373626 -0.02497697 -0.9385476
-2.144715 -0.01226074 0.8536763 -0.0677797 0.3390481 -0.02547953 -0.9379782
-2.145351 -0.01173874 0.8631027 -0.06679501 0.3406283 -0.02579159 -0.9374677
-2.145859 -0.01120904 0.8723022 -0.06599018 0.3421201 -0.0261147 -0.9369724
-2.146123 -0.01084442 0.8818051 -0.06525081 0.3434161 -0.02627704 -0.9365454
-2.146321 -0.01049749 0.8905472 -0.06477667 0.3447129 -0.02651394 -0.9360951
-2.146415 -0.01028875 0.8989823 -0.06433904 0.346412 -0.02658522 -0.9354958
-2.146336 -0.01041422 0.907993 -0.06453942 0.348398 -0.02645752 -0.9347478
-2.146679 -0.01045698 0.9160978 -0.06542632 0.3506496 -0.02656624 -0.9338408
-2.147401 -0.01067027 0.9238252 -0.06623413 0.3526531 -0.02689198 -0.9330196
-2.14873 -0.0111404 0.9319106 -0.06750849 0.3539241 -0.02763942 -0.932425
-2.15029 -0.01154892 0.9387551 -0.06844382 0.3545935 -0.02814278 -0.9320874
-2.151891 -0.01174175 0.9450756 -0.06836698 0.3548291 -0.02768704 -0.932017
-2.153785 -0.01171496 0.9517593 -0.06882969 0.3552751 -0.0270431 -0.9318319
-2.155695 -0.01174666 0.9574845 -0.0692927 0.3564884 -0.02628279 -0.931356
-2.157844 -0.01203138 0.9629133 -0.06924582 0.3581538 -0.02570015 -0.9307365
-2.160832 -0.01275743 0.9692447 -0.06994092 0.3594688 -0.02604556 -0.9301678
-2.164078 -0.01384985 0.9746097 -0.0700178 0.3603894 -0.02652419 -0.9297922
-2.167955 -0.01510312 0.9802814 -0.07089226 0.3607045 -0.02718598 -0.9295846
-2.17239 -0.01638887 0.9864436 -0.07252954 0.3603089 -0.02761561 -0.929599
-2.17721 -0.01755973 0.9928919 -0.07424214 0.359457 -0.02801517 -0.9297817
-2.182315 -0.01863946 0.9995233 -0.07622615 0.3586155 -0.02877823 -0.9299228
-2.187478 -0.01966583 1.006379 -0.07672729 0.3579866 -0.02917692 -0.9301114
-2.192415 -0.02037232 1.012694 -0.07652975 0.3574348 -0.0295403 -0.9303284
-2.197406 -0.02085409 1.018903 -0.07580247 0.3570553 -0.02970258 -0.9305285
-2.202321 -0.02114968 1.025455 -0.07406601 0.3571361 -0.02916038 -0.9306545
-2.207864 -0.02130922 1.03202 -0.07302348 0.3571568 -0.0289585 -0.9307352
-2.214185 -0.0213412 1.039123 -0.0728775 0.3562212 -0.02918476 -0.9310981
-2.220635 -0.02120167 1.046768 -0.07238439 0.3553447 -0.02918896 -0.9314713
-2.227551 -0.0206845 1.054252 -0.0720531 0.3548236 -0.02939203 -0.9316891
-2.23467 -0.01994548 1.061776 -0.0716043 0.3539561 -0.02975753 -0.9320421
-2.241654 -0.01918471 1.069636 -0.07048159 0.3531304 -0.02991492 -0.9324358
-2.248463 -0.01823965 1.076593 -0.06855468 0.3527294 -0.02977133 -0.9327357
-2.255128 -0.01722589 1.083298 -0.06651709 0.3527329 -0.02923373 -0.9328989
-2.26168 -0.01627798 1.090534 -0.06601373 0.3531031 -0.02902028 -0.9328013
-2.268741 -0.01535149 1.097476 -0.06644541 0.3525297 -0.0291543 -0.9329833
-2.275791 -0.01452538 1.104471 -0.066205 0.3505893 -0.02874112 -0.9337441
-2.282488 -0.01441556 1.1117 -0.06579932 0.3482755 -0.02831316 -0.9346513
-2.288876 -0.01413438 1.118445 -0.065649 0.3460424 -0.02805034 -0.9354988
-2.294594 -0.01384345 1.12494 -0.06519379 0.3439975 -0.02693048 -0.9363174
-2.29974 -0.01361507 1.131584 -0.06512359 0.3426079 -0.02509001 -0.9368827
-2.304363 -0.01302346 1.137566 -0.06562582 0.3425092 -0.02318534 -0.9369329
-2.308733 -0.0124705 1.143373 -0.06681146 0.3430363 -0.02189547 -0.9366872
-2.31302 -0.01222753 1.149038 -0.06830134 0.3427465 -0.02208251 -0.9366814
-2.317303 -0.01230363 1.154434 -0.06912229 0.3419735 -0.02315992 -0.9368778
-2.321227 -0.01234487 1.159674 -0.06898061 0.3409216 -0.02385301 -0.9372541
-2.32469 -0.01216585 1.165069 -0.06833178 0.3392935 -0.02382216 -0.9378929
-2.32801 -0.01193922 1.170612 -0.06847454 0.3378394 -0.02353305 -0.9384146
-2.330837 -0.01159521 1.176089 -0.06889953 0.3372107 -0.02276251 -0.9386286
-2.333107 -0.01112583 1.181475 -0.06874823 0.3373722 -0.02179033 -0.9386048
-2.335172 -0.01094304 1.186696 -0.06892025 0.3381074 -0.02147862 -0.9383347
-2.337101 -0.01103689 1.191821 -0.06856787 0.3392775 -0.0215179 -0.9379373
-2.338897 -0.01099362 1.196743 -0.06884395 0.3404173 -0.02189565 -0.9374952
-2.341249 -0.01145576 1.202537 -0.07001648 0.341263 -0.02242625 -0.9370883
-2.343488 -0.01190268 1.208508 -0.07063546 0.3423035 -0.02255053 -0.9366592
-2.345612 -0.01209189 1.214994 -0.07144334 0.3435583 -0.02243746 -0.9361411
-2.347258 -0.01208748 1.221243 -0.07203333 0.3455417 -0.02182397 -0.9353801
-2.348284 -0.01177568 1.227488 -0.07147069 0.3482651 -0.02057153 -0.9344411
-2.349166 -0.01143286 1.234517 -0.07088926 0.3510133 -0.01959568 -0.9334776
-2.350155 -0.01101381 1.241548 -0.07121523 0.3537581 -0.01934636 -0.9324213
-2.351085 -0.01048066 1.24898 -0.07181558 0.3565859 -0.01931 -0.9312981
-2.352097 -0.009894527 1.257218 -0.07141478 0.3591461 -0.01903942 -0.9303502
-2.353117 -0.009342339 1.265167 -0.070879 0.3609227 -0.01897955 -0.9297047
-2.354043 -0.008706935 1.27342 -0.07070951 0.362711 -0.01894239 -0.9290222
-2.35499 -0.007981807 1.282495 -0.07051231 0.3650915 -0.01861566 -0.9281108
-2.355489 -0.007215731 1.290818 -0.06989209 0.3675475 -0.01827696 -0.9271947
-2.355954 -0.00648379 1.299115 -0.06963161 0.3703654 -0.01846984 -0.9260885
-2.356274 -0.006212298 1.308012 -0.06912059 0.373339 -0.01919973 -0.9249172
-2.35664 -0.005825609 1.31622 -0.06810819 0.3755141 -0.02021751 -0.9240897
-2.357184 -0.005448513 1.324578 -0.06755336 0.3767774 -0.02104277 -0.9235976
-2.357993 -0.005156469 1.333802 -0.06730271 0.3778648 -0.02132926 -0.923165
-2.358318 -0.004806355 1.342064 -0.06672533 0.3790218 -0.02127975 -0.9227337
-2.3586 -0.004541826 1.350358 -0.06677278 0.3800995 -0.02144414 -0.922283
-2.358986 -0.004639506 1.359196 -0.06754721 0.3812558 -0.02183467 -0.9217401
-2.359102 -0.004474096 1.366863 -0.06729103 0.3822447 -0.02184513 -0.9213489
-2.359095 -0.004349541 1.374103 -0.06656453 0.3834237 -0.02177584 -0.9209133
-2.359509 -0.004448611 1.381649 -0.06667839 0.3851266 -0.02200732 -0.9201887
-2.36004 -0.004452959 1.388525 -0.06762538 0.3864647 -0.02258879 -0.9195442
-2.360692 -0.004501022 1.395136 -0.06855854 0.3874912 -0.02325544 -0.9190264
-2.361205 -0.004578467 1.401975 -0.06866851 0.3887462 -0.02359793 -0.9184793
-2.36162 -0.004421744 1.407824 -0.06852711 0.3895362 -0.02398831 -0.9181449
-2.361956 -0.004093513 1.413331 -0.06832542 0.3903786 -0.02422685 -0.9177959
-2.362226 -0.00372684 1.41925 -0.06796972 0.3915159 -0.02408591 -0.9173414
-2.362209 -0.003249656 1.424065 -0.06750222 0.3926444 -0.02398965 -0.916896
-2.362141 -0.002843082 1.428555 -0.06675049 0.3935867 -0.02375466 -0.9165531
-2.362067 -0.002455059 1.43317 -0.06664532 0.3947971 -0.02325368 -0.9160529
-2.362042 -0.002027102 1.437302 -0.0671337 0.3962808 -0.02269238 -0.9153905
-2.362046 -0.001649324 1.441203 -0.06757873 0.3977451 -0.02214632 -0.9147358
-2.362103 -0.001427095 1.445451 -0.06839082 0.3986043 -0.02215347 -0.9143012
-2.362104 -0.001278818 1.448909 -0.06828801 0.3990814 -0.02217302 -0.9141002
-2.361912 -0.001226977 1.45208 -0.06720433 0.3990293 -0.02198303 -0.9142079
-2.361893 -0.001463838 1.455639 -0.06719241 0.3987221 -0.02232385 -0.9143345
-2.361588 -0.001541212 1.458557 -0.06718679 0.3990206 -0.02236244 -0.9142038
-2.361125 -0.001680527 1.46135 -0.06723625 0.3995707 -0.02225945 -0.9139623
-2.360904 -0.00202059 1.464291 -0.06797925 0.4000675 -0.02240357 -0.9136865
-2.360724 -0.002170641 1.466744 -0.06853073 0.4004825 -0.0221239 -0.9134702
-2.360659 -0.002267733 1.469002 -0.06898419 0.4004662 -0.02183849 -0.9134502
-2.360632 -0.00251352 1.471291 -0.06893875 0.4004422 -0.02157927 -0.9134702
-2.360323 -0.00259842 1.472851 -0.06853523 0.401037 -0.02122691 -0.9132478
-2.360039 -0.002724689 1.474287 -0.06857259 0.4016861 -0.02129916 -0.9129581
-2.359797 -0.002918869 1.475946 -0.06834244 0.4018545 -0.02141828 -0.9128984
-2.359416 -0.002953161 1.477034 -0.06780287 0.4022219 -0.02124927 -0.9127808
-2.35911 -0.002964072 1.478038 -0.06786321 0.4027727 -0.02121907 -0.9125341
-2.359076 -0.002966154 1.479654 -0.06820317 0.4031494 -0.02123091 -0.9123421
-2.358811 -0.002974696 1.480514 -0.06811315 0.4035698 -0.02095473 -0.9121694
-2.35854 -0.003055505 1.48133 -0.06817735 0.4039842 -0.02081591 -0.9119843
-2.358176 -0.003152076 1.482448 -0.0682724 0.404508 -0.02083683 -0.9117445
-2.357593 -0.003247347 1.483023 -0.06781566 0.4050822 -0.02070886 -0.9115266
-2.357042 -0.003371526 1.483513 -0.06733331 0.4053424 -0.02081445 -0.9114442
-2.356466 -0.003415558 1.483915 -0.06690938 0.4054993 -0.02096492 -0.9114021
-2.35587 -0.00341275 1.484104 -0.06631055 0.4058344 -0.02075261 -0.9113017
-2.355377 -0.00334546 1.484261 -0.06609288 0.4061077 -0.0203571 -0.9112046
-2.355009 -0.003173005 1.484628 -0.06589467 0.4061823 -0.01996142 -0.9111945
-2.354757 -0.003206272 1.484724 -0.06572351 0.406268 -0.02004814 -0.9111667
-2.354524 -0.003303926 1.484787 -0.06562488 0.4065019 -0.02040067 -0.9110618
-2.354234 -0.003295451 1.48515 -0.065401 0.407039 -0.02054092 -0.9108348
-2.353938 -0.003363546 1.485099 -0.06532953 0.407499 -0.0207279 -0.91063
-2.353527 -0.003342569 1.484951 -0.06501392 0.4080684 -0.02046862 -0.9104034
-2.353379 -0.003308367 1.48596 -0.06479087 0.408567 -0.02021313 -0.9102014
-2.35315 -0.003340371 1.485868 -0.06444947 0.4084612 -0.01999784 -0.9102779
-2.352931 -0.003354166 1.485871 -0.06436292 0.4085579 -0.01966018 -0.910248
-2.35276 -0.003437322 1.486256 -0.06504018 0.408928 -0.01971823 -0.9100323
-2.352597 -0.003472321 1.486381 -0.06510276 0.4090386 -0.01963455 -0.90998
-2.352526 -0.003530614 1.486516 -0.06499063 0.4087543 -0.01970979 -0.910114
-2.352493 -0.00367507 1.487279 -0.06483836 0.4083732 -0.01980877 -0.9102939
-2.352399 -0.003735702 1.487436 -0.06432009 0.4081909 -0.01971632 -0.9104144
-2.352429 -0.003788996 1.487752 -0.06443041 0.4079104 -0.0198226 -0.91053
-2.352315 -0.003876228 1.488465 -0.06419838 0.4078644 -0.01962221 -0.9105713
-2.352348 -0.003963776 1.488679 -0.06407686 0.4080241 -0.01954484 -0.9105101
-2.352616 -0.004089922 1.488976 -0.06408306 0.4076606 -0.01965079 -0.9106701
-2.352982 -0.004155114 1.489458 -0.0639929 0.4075249 -0.0195843 -0.9107386
-2.353287 -0.004169691 1.489641 -0.06414225 0.4078163 -0.01947168 -0.9106001
-2.353569 -0.004208609 1.48979 -0.06417572 0.4080509 -0.01950708 -0.9104919
-2.353768 -0.004153691 1.489768 -0.06394713 0.4083001 -0.01942456 -0.910398
-2.353956 -0.00410454 1.489806 -0.0637893 0.4086373 -0.01909667 -0.9102647
-2.354234 -0.004019417 1.489942 -0.06382263 0.4089218 -0.01872289 -0.9101424
-2.354649 -0.003797162 1.490488 -0.06397989 0.4088596 -0.01827032 -0.9101685
-2.355099 -0.003680907 1.490936 -0.06452574 0.4091033 -0.01809695 -0.9100238
-2.355585 -0.003628854 1.49146 -0.0648163 0.4090174 -0.01804525 -0.9100429
-2.355946 -0.003597666 1.492187 -0.06447621 0.4084293 -0.01803184 -0.9103314
-2.356272 -0.003706757 1.49269 -0.06450456 0.4084315 -0.01827747 -0.9103234
-2.356477 -0.003775738 1.493177 -0.06446221 0.4085413 -0.01818493 -0.910279
-2.356472 -0.003723722 1.493898 -0.06442057 0.408341 -0.01787996 -0.9103779
-2.356988 -0.003807113 1.494562 -0.0650635 0.4079422 -0.01791808 -0.9105102
-2.357542 -0.003902096 1.495055 -0.06503812 0.4075031 -0.0175063 -0.9107167
-2.3578 -0.004126474 1.49549 -0.0647414 0.4074851 -0.01703787 -0.9107547
-2.358804 -0.004457146 1.495982 -0.06548782 0.4069789 -0.01728916 -0.9109229
-2.359897 -0.004841648 1.496206 -0.06579175 0.4067416 -0.01728982 -0.9110071
-2.360632 -0.005384047 1.496144 -0.06591173 0.4072046 -0.01712579 -0.9107946
-2.361871 -0.005892873 1.495963 -0.0663926 0.4074138 -0.01757619 -0.9106575
-2.363092 -0.006389558 1.495441 -0.06601179 0.4075699 -0.01769975 -0.9106129
-2.36435 -0.006870702 1.495165 -0.06548766 0.4069874 -0.01776177 -0.9109101
-2.366258 -0.007365368 1.494794 -0.06596714 0.4058853 -0.01825389 -0.9113574
-2.368279 -0.007801279 1.494396 -0.06621628 0.4048605 -0.0183993 -0.9117921
-2.369784 -0.008306436 1.493885 -0.06639612 0.4044828 -0.01805088 -0.9119536
-2.371984 -0.008678425 1.493336 -0.06703733 0.4043481 -0.01803529 -0.9119667
-2.374577 -0.009196091 1.492694 -0.06684321 0.4033654 -0.01832697 -0.9124103
-2.377312 -0.009752221 1.492122 -0.06666309 0.4019109 -0.01900014 -0.9130513
-2.380539 -0.01026204 1.491522 -0.06692851 0.4003686 -0.01984495 -0.9136913
-2.383854 -0.01077949 1.490821 -0.06632426 0.3986661 -0.0204542 -0.914466
-2.387136 -0.01132333 1.490252 -0.06596844 0.39737 -0.02143553 -0.9150332
-2.390406 -0.01178715 1.489176 -0.06547488 0.3968835 -0.02205366 -0.9152651
-2.393942 -0.01222023 1.48791 -0.06478965 0.3959447 -0.02253872 -0.9157085
-2.397656 -0.01264688 1.486573 -0.06442162 0.394547 -0.02308324 -0.916324
-2.401838 -0.01301104 1.484916 -0.06419729 0.3937147 -0.02336359 -0.9166906
-2.406302 -0.01339831 1.483176 -0.06422696 0.3930479 -0.0238258 -0.9169627
-2.410462 -0.01370688 1.481318 -0.0640075 0.3922968 -0.02409029 -0.9172927
-2.415538 -0.01385565 1.479451 -0.06457893 0.3917395 -0.02421075 -0.9174877
-2.420773 -0.0137621 1.477533 -0.06497978 0.3912932 -0.02409643 -0.9176528
-2.425639 -0.013562 1.475417 -0.06458618 0.3905672 -0.02372992 -0.9179994
-2.431118 -0.01314898 1.473127 -0.06400959 0.3898755 -0.02330461 -0.9183446
-2.436802 -0.01271854 1.47055 -0.06297569 0.3893797 -0.023054 -0.9186327
-2.442483 -0.01251877 1.467861 -0.06207836 0.3886775 -0.02340043 -0.9189823
-2.449062 -0.01237097 1.465034 -0.06163935 0.387859 -0.02448699 -0.9193293
-2.456105 -0.01222072 1.462039 -0.06141302 0.3867043 -0.02574322 -0.9197965
-2.46328 -0.01202891 1.458969 -0.06063358 0.3855689 -0.02616528 -0.9203128
-2.470814 -0.01167657 1.455201 -0.05983004 0.3847121 -0.02597004 -0.9207294
-2.478836 -0.01139573 1.451262 -0.05955632 0.3837624 -0.02591098 -0.921145
-2.486819 -0.01149494 1.44708 -0.0592569 0.3833906 -0.02590227 -0.9213194
-2.495429 -0.01145655 1.44285 -0.05961939 0.3833891 -0.02619106 -0.9212884
-2.504419 -0.01144538 1.438551 -0.06051171 0.3833369 -0.02691919 -0.921231
-2.513449 -0.01125893 1.434329 -0.06076759 0.3833942 -0.02732635 -0.9211783
-2.522439 -0.01097411 1.429283 -0.06041891 0.3837298 -0.0273484 -0.9210609
-2.531479 -0.01062553 1.424041 -0.0598567 0.3839048 -0.02728182 -0.9210266
-2.540424 -0.01028853 1.418992 -0.05899261 0.3837815 -0.02694953 -0.9211435
-2.549476 -0.009893589 1.413817 -0.05846009 0.3838401 -0.02643195 -0.9211681
-2.558406 -0.009514626 1.408895 -0.05812568 0.3839027 -0.02577558 -0.9211817
-2.567258 -0.009387508 1.404782 -0.05830598 0.3837707 -0.02549994 -0.921233
-2.575889 -0.009236407 1.400335 -0.05837801 0.3835469 -0.02512154 -0.921332
-2.584153 -0.00908095 1.395923 -0.05786666 0.3833817 -0.02420739 -0.9214575
-2.593113 -0.009029973 1.392968 -0.05806474 0.3828998 -0.02347091 -0.9216645
-2.601181 -0.008954868 1.389201 -0.05842873 0.3820662 -0.0228979 -0.9220018
-2.608875 -0.008873746 1.385657 -0.05829332 0.3810986 -0.02219773 -0.9224278
-2.617255 -0.009007666 1.383984 -0.05789607 0.3795999 -0.0218578 -0.9230787
-2.624425 -0.009077374 1.381025 -0.0573734 0.3780511 -0.02188414 -0.9237461
-2.631229 -0.009123255 1.378308 -0.05701761 0.3765401 -0.0218432 -0.924386
-2.63853 -0.009500965 1.377257 -0.05655226 0.3749775 -0.02167773 -0.9250534
-2.644758 -0.009625386 1.375145 -0.05652711 0.3733797 -0.02176353 -0.925699
-2.650582 -0.009640656 1.373276 -0.0567226 0.372209 -0.02147746 -0.9261651
-2.656685 -0.009781837 1.372597 -0.0560784 0.3710186 -0.02063981 -0.9267008
-2.661929 -0.009918131 1.371613 -0.05564535 0.3695583 -0.02029103 -0.927318
-2.666883 -0.01019535 1.371081 -0.05525546 0.3685464 -0.02044263 -0.9277406
-2.671402 -0.01089089 1.371462 -0.05452703 0.367863 -0.02086464 -0.9280455
-2.675737 -0.011499 1.372132 -0.05417545 0.3675277 -0.02192572 -0.9281745
-2.679971 -0.01226198 1.37356 -0.05404361 0.3668405 -0.02338946 -0.9284182
-2.683116 -0.01352299 1.375647 -0.05329891 0.3656452 -0.02459562 -0.9289014
-2.686721 -0.01447358 1.378853 -0.05292599 0.364169 -0.02564779 -0.9294741
-2.689867 -0.0153288 1.382873 -0.05296822 0.362949 -0.02594078 -0.9299406
-2.691468 -0.01644842 1.387224 -0.05344457 0.3625687 -0.02543968 -0.9300755
-2.693687 -0.01713352 1.392566 -0.05448386 0.3625303 -0.02493197 -0.9300439
-2.695737 -0.01785117 1.398412 -0.0554886 0.3624102 -0.0246242 -0.9300395
-2.696904 -0.01847377 1.404631 -0.0561678 0.3621119 -0.02410817 -0.9301285
-2.698502 -0.01909916 1.411344 -0.05664259 0.3623756 -0.02317613 -0.9300207
-2.699936 -0.01968816 1.41868 -0.05722927 0.3626738 -0.02227923 -0.9298904
-2.70008 -0.02028644 1.426068 -0.05797012 0.3631733 -0.02139905 -0.9296702
-2.700976 -0.02078378 1.434661 -0.05894729 0.3638357 -0.02044743 -0.9293711
-2.701548 -0.02120886 1.443823 -0.0593747 0.3645632 -0.01950186 -0.9290791
-2.70121 -0.02142568 1.453078 -0.0589995 0.3652332 -0.01883611 -0.9288536
-2.701722 -0.02190636 1.463556 -0.05871496 0.3657946 -0.01858187 -0.9286558
-2.702358 -0.02232929 1.474811 -0.05853435 0.3662428 -0.01853719 -0.9284915
-2.70206 -0.02247002 1.486472 -0.05874786 0.3664969 -0.01860994 -0.9283763
-2.702553 -0.02265703 1.499215 -0.05905664 0.3667369 -0.01812542 -0.9282714
-2.702808 -0.02274502 1.512439 -0.05870302 0.3669093 -0.01697633 -0.9282475
-2.702116 -0.02278506 1.525882 -0.05814803 0.3668759 -0.01593018 -0.9283141
-2.702142 -0.02289154 1.539972 -0.05842906 0.3676028 -0.01531914 -0.9280192
-2.70206 -0.02305702 1.55416 -0.05816717 0.3688548 -0.01462021 -0.9275501
-2.701502 -0.02313124 1.568535 -0.05803854 0.3696887 -0.01440823 -0.9272293
-2.701925 -0.02345616 1.583281 -0.05948749 0.3700607 -0.01471582 -0.9269842
-2.702493 -0.0236674 1.597828 -0.06060755 0.3698417 -0.01458582 -0.9270012
-2.701203 -0.02374218 1.611311 -0.06017701 0.3697319 -0.01372445 -0.9270861
-2.701056 -0.02384317 1.625104 -0.05994264 0.3697572 -0.01311338 -0.9271001
-2.700753 -0.02397175 1.638636 -0.06018594 0.3696004 -0.01294366 -0.9271492
-2.698425 -0.02387308 1.650973 -0.06068884 0.3695751 -0.01295242 -0.9271264
-2.697613 -0.02406964 1.663611 -0.06119229 0.3697434 -0.0133442 -0.9270207
-2.696568 -0.02412124 1.675475 -0.06095991 0.3698377 -0.01321253 -0.9270002
-2.693522 -0.02414772 1.68577 -0.06104428 0.3699102 -0.01243374 -0.9269766
-2.692211 -0.02390013 1.696564 -0.06127615 0.3696906 -0.0114454 -0.9270616
-2.690856 -0.02372674 1.707014 -0.06213415 0.3694171 -0.0106698 -0.9271227
-2.687761 -0.0234989 1.715977 -0.06295584 0.3697789 -0.00971359 -0.9269336
-2.686251 -0.0234444 1.725317 -0.06364817 0.3697165 -0.009168566 -0.9269167
-2.685621 -0.02331269 1.733799 -0.06389588 0.3668885 -0.009608805 -0.9280182
-2.685924 -0.02236408 1.740484 -0.06187224 0.3638382 -0.008971632 -0.9293617
-2.685365 -0.02147914 1.746356 -0.06034578 0.3637277 -0.006885529 -0.9295231
-2.68505 -0.0207809 1.752471 -0.06375974 0.3655023 -0.006200314 -0.9286035
-2.685148 -0.02005252 1.75755 -0.06766427 0.3674167 -0.006458819 -0.9275693
-2.684462 -0.01976761 1.762549 -0.06897449 0.3688102 -0.005705506 -0.9269245
-2.683744 -0.01957621 1.766973 -0.0693581 0.3696534 -0.004346073 -0.9265673
-2.683234 -0.01900361 1.770601 -0.06846461 0.3703642 -0.002487928 -0.9263567
-2.683226 -0.01899909 1.773792 -0.06775672 0.3715306 -0.001376927 -0.925944
-2.683625 -0.01932691 1.776881 -0.06884237 0.3728182 -0.001848906 -0.9253453
-2.683784 -0.01973394 1.779957 -0.06934705 0.3745517 -0.002712131 -0.9246052
-2.683402 -0.02045409 1.782341 -0.06720147 0.3761629 -0.003276915 -0.9241076
-2.682923 -0.02117028 1.784891 -0.06506032 0.3767551 -0.004484326 -0.9240144
-2.682922 -0.02168121 1.788179 -0.0637957 0.3760977 -0.00614053 -0.9243609
-2.682394 -0.02225544 1.791355 -0.0621316 0.3749192 -0.007438839 -0.9249432
-2.681569 -0.02271873 1.794609 -0.06068476 0.3742258 -0.007828535 -0.9253168
-2.681315 -0.02296695 1.798436 -0.06053104 0.3732511 -0.007621229 -0.9257222
-2.680711 -0.0229326 1.802096 -0.06092469 0.3720326 -0.00704965 -0.9261912
-2.680226 -0.02267362 1.805604 -0.06189655 0.370656 -0.006165326 -0.9266849
-2.680126 -0.02242032 1.808737 -0.06271089 0.3697172 -0.004879922 -0.9270129
-2.679432 -0.02198096 1.811214 -0.06168452 0.3684598 -0.003133774 -0.9275897
-2.678799 -0.02189061 1.813241 -0.05916983 0.3662634 -0.001962006 -0.9286259
-2.679047 -0.0223553 1.815045 -0.05880077 0.3641163 -0.003461689 -0.929489
-2.679244 -0.02279714 1.816814 -0.05888552 0.3622277 -0.006534368 -0.9302048
-2.679457 -0.02323662 1.818126 -0.05818929 0.3603135 -0.009696394 -0.9309641
-2.67973 -0.02372199 1.81919 -0.05752994 0.3596808 -0.01161179 -0.9312278
-2.679381 -0.02374075 1.819751 -0.05670993 0.359218 -0.01199111 -0.9314519
-2.67914 -0.02357756 1.820118 -0.0568528 0.359237 -0.01144058 -0.9314428
-2.679692 -0.02344093 1.820484 -0.05725236 0.359086 -0.01143444 -0.9314766
-2.68052 -0.02351838 1.819995 -0.05614065 0.3577791 -0.01197696 -0.9320402
-2.681519 -0.0238064 1.819266 -0.05509852 0.3572677 -0.01324743 -0.9322814
-2.682639 -0.02447042 1.818873 -0.05544094 0.3573906 -0.01545465 -0.93218
-2.683846 -0.02481215 1.818334 -0.05550139 0.3571634 -0.01753294 -0.9322267
-2.684844 -0.0248929 1.817672 -0.05519645 0.357607 -0.0188092 -0.9320498
-2.686085 -0.02505435 1.817533 -0.05446784 0.3581015 -0.01943931 -0.9318899
-2.686894 -0.02504527 1.816974 -0.05420937 0.3588995 -0.02016753 -0.9315824
-2.687659 -0.02507259 1.816464 -0.054043 0.3597696 -0.0208605 -0.9312412
-2.688588 -0.02541411 1.816756 -0.05348234 0.3600395 -0.02147332 -0.9311553
-2.689187 -0.02569357 1.816578 -0.05366702 0.3602943 -0.02226323 -0.9310275
-2.689496 -0.02605959 1.816318 -0.05335 0.3607511 -0.02274647 -0.9308572
-2.690189 -0.02667345 1.817241 -0.05336696 0.360689 -0.02341899 -0.9308636
-2.690398 -0.02702913 1.817418 -0.05396739 0.3609192 -0.02410185 -0.9307224
-2.690611 -0.02722568 1.817637 -0.05415437 0.3608057 -0.02431646 -0.9307498
-2.690903 -0.0274516 1.818537 -0.05413961 0.3603949 -0.02417189 -0.9309137
-2.69105 -0.02759629 1.818931 -0.05474392 0.3602775 -0.02428773 -0.9309207
-2.691133 -0.02764239 1.819046 -0.05479102 0.3603303 -0.02400389 -0.9309049
-2.691333 -0.02773751 1.819467 -0.05448433 0.3605185 -0.02359742 -0.9308604
-2.691751 -0.02768227 1.81935 -0.05474913 0.3603942 -0.02351055 -0.9308951
-2.692511 -0.02758756 1.819201 -0.05541387 0.3598238 -0.02342296 -0.9310787
-2.693544 -0.02754695 1.819045 -0.05579974 0.3600639 -0.02324861 -0.9309672
-2.694552 -0.02760398 1.818266 -0.05593851 0.359722 -0.02323243 -0.9310914
-2.695693 -0.02777852 1.81724 -0.05621126 0.3594587 -0.02373314 -0.9311641
-2.6973 -0.02795976 1.816297 -0.0560605 0.3597286 -0.02389127 -0.9310649
-2.698507 -0.02799907 1.814664 -0.05560223 0.3601346 -0.02359498 -0.930943
-2.700109 -0.027936 1.812904 -0.05557526 0.3602675 -0.02334911 -0.9308993
-2.701854 -0.02777136 1.81121 -0.05532892 0.3604355 -0.0227496 -0.9308638
-2.703988 -0.02764362 1.80949 -0.056475 0.3608609 -0.02261314 -0.9306335
-2.706359 -0.02760297 1.807485 -0.05761315 0.3616616 -0.02283862 -0.9302473
-2.70897 -0.02758637 1.805171 -0.05808935 0.3625516 -0.02315134 -0.9298635
-2.711838 -0.0278837 1.802421 -0.05854455 0.3632606 -0.02414972 -0.9295327
-2.714973 -0.02825844 1.799122 -0.05807812 0.3640386 -0.02530277 -0.9292269
-2.718237 -0.02865195 1.795701 -0.05637572 0.3639309 -0.0255929 -0.929366
-2.722142 -0.02897989 1.792115 -0.05557411 0.3640088 -0.02643627 -0.9293602
-2.726684 -0.02924662 1.788531 -0.05607099 0.3644398 -0.02780891 -0.9291213
-2.731332 -0.02946673 1.785045 -0.05671374 0.3643594 -0.02892494 -0.9290797
-2.736808 -0.02970004 1.781145 -0.05733822 0.3646639 -0.02990454 -0.9288909
-2.742868 -0.03004928 1.776844 -0.05762708 0.3649053 -0.03076425 -0.9287502
-2.749261 -0.03040118 1.772422 -0.05744186 0.3646591 -0.0314844 -0.9288342
-2.756316 -0.03082656 1.76752 -0.05709212 0.3645433 -0.03194478 -0.9288855
-2.764037 -0.03125744 1.762253 -0.05611481 0.363851 -0.03211528 -0.9292105
-2.772413 -0.03166464 1.757143 -0.0560458 0.3624844 -0.03320406 -0.9297104
-2.781427 -0.03224554 1.751826 -0.05672878 0.361054 -0.03480089 -0.930167
-2.790781 -0.03265728 1.746026 -0.05624631 0.3597981 -0.03575588 -0.9306467
-2.800513 -0.0330663 1.740026 -0.05684455 0.3585985 -0.03732551 -0.9310116
-2.810676 -0.03347011 1.733662 -0.05737789 0.3575064 -0.03883579 -0.9313371
-2.82111 -0.0338949 1.72679 -0.05700114 0.3568973 -0.03998968 -0.931545
-2.831866 -0.03434835 1.719703 -0.05717125 0.3568378 -0.04101268 -0.9315128
-2.842992 -0.03467466 1.712209 -0.05721578 0.3574725 -0.04149997 -0.9312451
-2.854651 -0.03489168 1.704307 -0.05655304 0.358122 -0.0414517 -0.9310383
-2.867402 -0.03484564 1.696587 -0.05711003 0.3580192 -0.04175606 -0.9310302
-2.880564 -0.03490831 1.688625 -0.05770601 0.357847 -0.04182619 -0.9310565
-2.893942 -0.03493217 1.680547 -0.05749345 0.3573044 -0.04131616 -0.9313008
-2.907489 -0.03469824 1.672699 -0.0585239 0.3566459 -0.04106242 -0.9315002
-2.92114 -0.03455171 1.664816 -0.05927359 0.3562472 -0.03999153 -0.9316519
-2.934681 -0.03436318 1.656834 -0.05936922 0.3561512 -0.03857869 -0.9317421
-2.948074 -0.03427907 1.648732 -0.05906253 0.3554626 -0.03723532 -0.9320792
-2.961843 -0.03402436 1.641145 -0.05880645 0.3537057 -0.03589285 -0.9328161
-2.97563 -0.03373485 1.633861 -0.0589601 0.351486 -0.03464639 -0.9336921
-2.989549 -0.03328454 1.627105 -0.05982995 0.3488293 -0.03353819 -0.9346731
-3.002893 -0.03312597 1.620596 -0.06055973 0.3461257 -0.03241631 -0.9356703
-3.015673 -0.03286407 1.61414 -0.06083598 0.3440918 -0.03095317 -0.9364517
-3.02865 -0.03269809 1.60807 -0.06152001 0.342223 -0.02971292 -0.9371318
-3.040622 -0.032586 1.602334 -0.06276939 0.3410057 -0.02901987 -0.9375143
-3.052334 -0.03244694 1.596899 -0.0641154 0.3400097 -0.028337 -0.9378058
-3.064386 -0.03246522 1.591847 -0.06494167 0.3390623 -0.02772098 -0.9381102
-3.075627 -0.03255249 1.587077 -0.06527059 0.3374094 -0.02739909 -0.9386927
-3.086448 -0.03253793 1.582703 -0.0657783 0.3358925 -0.02675828 -0.9392196
-3.098367 -0.03147945 1.581801 -0.06594975 0.3351467 -0.025139 -0.9395187
-3.108359 -0.03111426 1.578479 -0.06550808 0.3340716 -0.02308998 -0.939985
-3.118229 -0.03060633 1.575888 -0.06621622 0.3334746 -0.02110907 -0.9401939
-3.129712 -0.02954836 1.576651 -0.06754909 0.3328818 -0.01925766 -0.9403489
-3.140072 -0.0293655 1.575426 -0.06925276 0.3320318 -0.01852626 -0.9405402
-3.15017 -0.02931907 1.574458 -0.07098716 0.3319651 -0.01802477 -0.9404441
-3.161638 -0.02931819 1.576002 -0.07167114 0.3321741 -0.01750609 -0.9403282
-3.171922 -0.02990721 1.575762 -0.07249924 0.331937 -0.01765651 -0.9403457
-3.182253 -0.03061046 1.575902 -0.07310993 0.3314842 -0.01753015 -0.9404604
-3.194058 -0.03144422 1.576794 -0.07361025 0.3306878 -0.01684871 -0.9407142
-3.205137 -0.03227155 1.577883 -0.07404297 0.3293723 -0.01623208 -0.9411526
-3.216319 -0.03317524 1.579494 -0.07484073 0.3282751 -0.01586288 -0.941479
-3.229213 -0.03413707 1.581095 -0.07647653 0.327649 -0.0157941 -0.9415668
-3.240154 -0.03472013 1.583244 -0.07674837 0.3275831 -0.01457289 -0.9415873
-3.251018 -0.03528431 1.585447 -0.07519132 0.3277042 -0.01277977 -0.9416968
-3.26272 -0.03621768 1.587296 -0.07542133 0.32684 -0.01216197 -0.9419869
-3.274571 -0.03698089 1.591095 -0.07609081 0.3258264 -0.01155159 -0.9422919
-3.286683 -0.0375733 1.595068 -0.07587105 0.3254583 -0.01065412 -0.9424474
-3.298911 -0.038152 1.596823 -0.07393099 0.3254966 -0.009541392 -0.9426003
-3.311438 -0.0384417 1.601466 -0.07326017 0.3244437 -0.009796114 -0.9430129
-3.324296 -0.03842158 1.606596 -0.07386296 0.3230013 -0.01072326 -0.9434509
-3.336372 -0.03815233 1.610313 -0.07225616 0.3217284 -0.009811194 -0.9440199
-3.348082 -0.03725139 1.614956 -0.07143799 0.3199791 -0.008067579 -0.944693
-3.359358 -0.03651076 1.619101 -0.07024549 0.3182824 -0.005770683 -0.9453722
-3.369658 -0.03613943 1.621195 -0.0697638 0.3182305 -0.003914595 -0.9454349
-3.380769 -0.03616077 1.625015 -0.07161196 0.3188754 -0.003498763 -0.9450809
-3.392236 -0.0364462 1.628675 -0.07395335 0.3191477 -0.004061282 -0.9448064
-3.402852 -0.0365011 1.631486 -0.07591829 0.3195382 -0.004242092 -0.9445177
-3.413515 -0.03683578 1.634162 -0.07698402 0.320836 -0.003887803 -0.9439929
-3.423635 -0.03742874 1.636379 -0.07718926 0.3218842 -0.004134268 -0.9436182
-3.432573 -0.03840426 1.637671 -0.07702938 0.3208196 -0.005773276 -0.9439852
-3.442844 -0.03970199 1.639493 -0.07555455 0.3187712 -0.007930429 -0.9447823
-3.453312 -0.04115354 1.641033 -0.07467784 0.3169237 -0.01054692 -0.9454477
-3.463596 -0.04268921 1.642037 -0.07487371 0.3150382 -0.0128943 -0.9460331
-3.474234 -0.04410357 1.642952 -0.07451199 0.3129347 -0.01451916 -0.946736
-3.483745 -0.04573752 1.642594 -0.07411153 0.3113908 -0.01553389 -0.9472603
-3.49393 -0.04701999 1.642875 -0.07397448 0.3103841 -0.0158512 -0.9475961
-3.504544 -0.04833726 1.643105 -0.0735883 0.3082245 -0.01628176 -0.9483234
-3.515534 -0.04961625 1.643292 -0.07310916 0.3057466 -0.01708329 -0.9491482
-3.52588 -0.05086862 1.642441 -0.0728649 0.302972 -0.01769871 -0.950045
-3.537247 -0.05186 1.642391 -0.07204304 0.300362 -0.01843384 -0.9509221
-3.548881 -0.05280539 1.642438 -0.07207751 0.2972173 -0.01998106 -0.9518758
-3.559437 -0.05366182 1.641831 -0.0706664 0.2935658 -0.02090147 -0.9530942
-3.570693 -0.05422665 1.641588 -0.06831919 0.2906484 -0.02118739 -0.9541526
-3.582493 -0.05475015 1.641989 -0.06876982 0.2872585 -0.02186141 -0.9551311
-3.593537 -0.05504169 1.642298 -0.07026228 0.2826868 -0.02211833 -0.9563797
-3.605702 -0.05509662 1.643154 -0.07032324 0.2775886 -0.02161056 -0.957879
-3.617998 -0.05503214 1.644124 -0.07118491 0.2717494 -0.02149439 -0.959491
-3.630099 -0.05463229 1.644814 -0.07105894 0.2663395 -0.02099311 -0.9610272
-3.641934 -0.05403076 1.64473 -0.06939403 0.262444 -0.01983896 -0.9622443
-3.654002 -0.05363607 1.644887 -0.06906677 0.2581085 -0.01953632 -0.963446
-3.665843 -0.05319584 1.645137 -0.06995294 0.2538781 -0.01976216 -0.9645009
-3.677981 -0.05285709 1.644948 -0.07004208 0.2497909 -0.01997963 -0.9655566
-3.689983 -0.05255264 1.644375 -0.0685807 0.2449273 -0.02010903 -0.9669038
-3.701376 -0.05221633 1.643111 -0.06727923 0.2413621 -0.0201734 -0.9678899
-3.712574 -0.05195271 1.641775 -0.06611173 0.2384167 -0.02047452 -0.9686937
-3.723348 -0.05182473 1.640454 -0.06365047 0.234812 -0.02064574 -0.9697349
-3.733337 -0.05178798 1.638813 -0.06127962 0.2320514 -0.02070293 -0.9705505
-3.743451 -0.05198554 1.637552 -0.0597872 0.2295731 -0.02107874 -0.9712247
-3.753186 -0.05217146 1.636536 -0.05840245 0.2274041 -0.02113337 -0.9718179
-3.76232 -0.05239052 1.636335 -0.05980527 0.2254302 -0.02147055 -0.972185
-3.771088 -0.05248277 1.636019 -0.06075081 0.2235379 -0.02104753 -0.9725724
-3.779309 -0.05252281 1.635597 -0.06070542 0.2218124 -0.02020538 -0.9729881
-3.787345 -0.05284204 1.635826 -0.06186251 0.2199313 -0.01974714 -0.9733516
-3.794742 -0.05294302 1.635843 -0.06235809 0.2187236 -0.01888263 -0.9736092
-3.801751 -0.05306284 1.635849 -0.06207922 0.2176272 -0.01791385 -0.973891
-3.808629 -0.05336049 1.63616 -0.06268729 0.2166363 -0.01732606 -0.9740836
-3.815072 -0.05361139 1.63677 -0.06402284 0.2151045 -0.0170362 -0.9743413
-3.821073 -0.05379902 1.637195 -0.06469068 0.2141781 -0.01663959 -0.974508
-3.826508 -0.05408785 1.637683 -0.06513822 0.2133213 -0.01633638 -0.9746714
-3.831669 -0.05409402 1.637725 -0.06434037 0.2126364 -0.01577482 -0.9748832
-3.836334 -0.05404518 1.637712 -0.06410655 0.2126646 -0.01571748 -0.9748933
-3.840271 -0.05410913 1.637648 -0.06400383 0.2122468 -0.01601648 -0.9749863
-3.844137 -0.05390166 1.637653 -0.06277451 0.2114711 -0.01570141 -0.9752399
-3.847604 -0.05357561 1.637915 -0.06191562 0.210404 -0.01530755 -0.9755318
-3.850744 -0.05304578 1.638769 -0.06212899 0.2094376 -0.0144766 -0.9757389
-3.853298 -0.05227988 1.639581 -0.06197986 0.2085011 -0.01320022 -0.975967
-3.855457 -0.05141265 1.640615 -0.06231447 0.2078301 -0.01203081 -0.9761039
-3.857639 -0.05041031 1.642113 -0.06321968 0.2071696 -0.0107896 -0.9762006
-3.859351 -0.04958637 1.643355 -0.06311831 0.2058128 -0.009440721 -0.9765081
-3.860688 -0.04866514 1.644691 -0.06315297 0.2044826 -0.008176982 -0.9767967
-3.861911 -0.04792844 1.645891 -0.06347387 0.2031589 -0.007190258 -0.9770598
-3.86296 -0.04725721 1.646818 -0.06267843 0.201894 -0.006130517 -0.9773805
-3.863945 -0.04673222 1.647745 -0.0625805 0.2010264 -0.005646765 -0.9775686
-3.8645 -0.04627574 1.648713 -0.0628982 0.2004171 -0.005206228 -0.9776757
-3.864956 -0.04592792 1.649654 -0.06282334 0.1996944 -0.004664302 -0.9778311
-3.865311 -0.0457645 1.650787 -0.0633127 0.1984776 -0.004354418 -0.9780487
-3.865714 -0.04566003 1.651843 -0.06383395 0.1976279 -0.003884167 -0.9781888
-3.865939 -0.04568398 1.652836 -0.06421692 0.1969806 -0.003666013 -0.9782952
-3.866145 -0.04577802 1.653783 -0.06453429 0.196257 -0.003566146 -0.9784201
-3.866409 -0.04590387 1.654521 -0.06500728 0.1960111 -0.003464907 -0.9784384
-3.866658 -0.04598905 1.655182 -0.06508714 0.1959291 -0.003393084 -0.9784498
-3.866958 -0.04607383 1.655913 -0.06556573 0.1956511 -0.003477514 -0.9784731
-3.86718 -0.04622708 1.656483 -0.06604269 0.1957081 -0.003525585 -0.9784295
-3.867258 -0.04624287 1.656995 -0.06639276 0.1960744 -0.003576756 -0.9783323
-3.867223 -0.04623701 1.657511 -0.06651463 0.1961493 -0.003490359 -0.9783093
-3.867451 -0.04610894 1.658197 -0.06675029 0.1963709 -0.003226698 -0.9782497
-3.867314 -0.04597593 1.65854 -0.0666047 0.1966957 -0.002978683 -0.9781951
-3.867226 -0.04586657 1.658892 -0.06652832 0.1971542 -0.002719313 -0.9781088
-3.867592 -0.04583653 1.659706 -0.06712401 0.1969513 -0.00290072 -0.9781085
-3.867595 -0.04563844 1.660246 -0.0672707 0.1973046 -0.002862185 -0.9780273
-3.86791 -0.04541259 1.660916 -0.06745677 0.1981964 -0.002738297 -0.9778345
-3.86809 -0.04518108 1.661487 -0.06737127 0.1985562 -0.002947092 -0.9777668
-3.868145 -0.04491284 1.662121 -0.06758776 0.1991166 -0.003183455 -0.9776372
-3.868047 -0.04462157 1.66275 -0.06765357 0.1994624 -0.003078759 -0.9775624
-3.868027 -0.04436932 1.663445 -0.06736294 0.1995673 -0.002741486 -0.9775621
-3.867759 -0.04407778 1.664101 -0.06756923 0.1999537 -0.002172649 -0.9774703
-3.867531 -0.0438815 1.66478 -0.06761042 0.2003798 -0.00152725 -0.9773815
-3.867747 -0.04388425 1.665823 -0.06834337 0.2005491 -0.001556754 -0.9772957
-3.867866 -0.04397256 1.666912 -0.06949528 0.2004717 -0.0019283 -0.9772297
-3.86777 -0.04394619 1.667858 -0.06975152 0.200607 -0.001918525 -0.9771837
-3.867992 -0.04394356 1.669167 -0.07014668 0.2004469 -0.002079636 -0.9771879
-3.867579 -0.04375873 1.670052 -0.07016154 0.2001293 -0.001918167 -0.9772522
-3.866866 -0.04341841 1.670835 -0.06948017 0.2001061 -0.001322746 -0.9773067
-3.866204 -0.04328757 1.671957 -0.06904162 0.2000944 -0.0008541346 -0.9773407
-3.865305 -0.04299447 1.673213 -0.06944227 0.2002271 -0.0007801355 -0.9772852
-3.864425 -0.04273918 1.674466 -0.06954824 0.2004679 -0.000615865 -0.9772284
-3.863632 -0.04266607 1.675708 -0.06984315 0.2005408 -0.0005624891 -0.9771925
-3.862758 -0.04258539 1.677144 -0.07028142 0.2001671 -0.0007708669 -0.9772375
-3.861667 -0.04250995 1.67849 -0.07046265 0.1999535 -0.0007074774 -0.9772682
-3.860693 -0.04239802 1.679927 -0.07071982 0.1997701 -0.0004941225 -0.9772873
-3.859455 -0.04232576 1.681342 -0.07102073 0.1994192 -0.0005428493 -0.9773371
-3.858225 -0.0421842 1.682723 -0.0709258 0.199161 -0.000445664 -0.9773967
-3.856753 -0.04187936 1.684048 -0.07054049 0.1991391 -0.0002157986 -0.9774291
-3.855238 -0.04152684 1.685361 -0.07055583 0.1994292 -0.000345856 -0.9773688
-3.853673 -0.04109135 1.686722 -0.07061084 0.199542 -0.0005010367 -0.9773418
-3.852126 -0.04059771 1.687958 -0.07015326 0.1995113 -0.0005304813 -0.9773809
-3.850297 -0.04015464 1.689215 -0.06994122 0.1997122 -0.0004785359 -0.9773551
-3.848311 -0.0397794 1.690537 -0.06968622 0.1998198 -0.0002761483 -0.9773514
-3.846316 -0.03940091 1.691768 -0.06917666 0.2001396 -4.979968E-05 -0.9773222
-3.844213 -0.03923353 1.693098 -0.0691909 0.2005633 -7.131696E-05 -0.9772344
-3.842113 -0.03911817 1.69452 -0.06941184 0.2010952 -0.0002379418 -0.9771094
-3.839968 -0.0391565 1.695973 -0.0693332 0.2017849 -0.0004281402 -0.9769727
-3.837721 -0.03901274 1.697455 -0.06887692 0.202235 -0.0005405545 -0.9769118
-3.835323 -0.03872637 1.699152 -0.06863939 0.2025811 -0.0005301238 -0.9768568
-3.832832 -0.0382821 1.700989 -0.06826795 0.2035192 -0.0001516342 -0.976688
-3.829946 -0.03762584 1.703057 -0.06856038 0.2044136 0.0001144707 -0.9764807
-3.826866 -0.0368626 1.705236 -0.06839258 0.2052472 0.0003144145 -0.9763175
-3.823565 -0.03593471 1.707365 -0.06735019 0.2067105 0.0006601214 -0.9760811
-3.820034 -0.0350735 1.709687 -0.06634336 0.2078939 0.0006317794 -0.9758987
-3.816382 -0.03425751 1.712224 -0.06529082 0.2092232 0.0004214644 -0.9756857
-3.812739 -0.03353378 1.715212 -0.06509957 0.2104082 -0.0002111495 -0.9754437
-3.80894 -0.03289157 1.71829 -0.06487779 0.2116067 -0.0009831191 -0.9751987
-3.805015 -0.03224374 1.721617 -0.06471782 0.2125067 -0.001692534 -0.9750127
-3.800814 -0.0315983 1.725108 -0.06450175 0.2134518 -0.002229631 -0.9748194
-3.796297 -0.03091478 1.728493 -0.0638279 0.2152289 -0.002614141 -0.974472
-3.791442 -0.03023842 1.73196 -0.06306957 0.2172482 -0.003119379 -0.9740717
-3.786255 -0.02955322 1.735476 -0.06219244 0.2195895 -0.003295213 -0.9736025
-3.781156 -0.02886376 1.739064 -0.0612083 0.221312 -0.003660619 -0.9732735
-3.776043 -0.02836656 1.742967 -0.06070741 0.2220283 -0.004851788 -0.9731364
-3.770405 -0.02795935 1.746827 -0.06049037 0.2232732 -0.006067366 -0.9728583
-3.764696 -0.02737942 1.750692 -0.06001079 0.2247951 -0.006890327 -0.972532
-3.758703 -0.02677872 1.754671 -0.06002497 0.2262262 -0.007663817 -0.9721934
-3.752227 -0.02621472 1.758564 -0.06018579 0.2284326 -0.008062274 -0.9716641
-3.745577 -0.02545984 1.762692 -0.06040358 0.2305956 -0.008205563 -0.9711384
-3.738481 -0.02454767 1.766721 -0.05975373 0.232343 -0.007916451 -0.9707645
-3.731431 -0.02354334 1.770823 -0.05886283 0.2336511 -0.007564843 -0.9705077
-3.723981 -0.02253316 1.774711 -0.05643766 0.2351022 -0.006908059 -0.9703062
-3.716485 -0.02173436 1.778877 -0.05484546 0.2359533 -0.007018805 -0.97019
-3.708845 -0.02086427 1.783524 -0.05567922 0.2375878 -0.007705183 -0.9697384
-3.70103 -0.02015073 1.787877 -0.05721074 0.2401819 -0.007983357 -0.9690077
-3.693002 -0.01945614 1.79216 -0.05857803 0.2425611 -0.007979245 -0.9683332
-3.684929 -0.01877015 1.796605 -0.05966812 0.2442791 -0.007935911 -0.9678349
-3.676613 -0.01818705 1.800553 -0.05994022 0.2452594 -0.007866264 -0.9675707
-3.668105 -0.01772361 1.804345 -0.06032851 0.2462403 -0.00797838 -0.9672965
-3.659531 -0.01714034 1.808341 -0.06141235 0.247685 -0.008154989 -0.9668579
-3.6507 -0.01678432 1.811678 -0.06207602 0.2492077 -0.008454234 -0.9664215
-3.641848 -0.01647783 1.814738 -0.06268021 0.2509472 -0.009238095 -0.9659252
-3.633173 -0.01618516 1.818003 -0.06290708 0.2521211 -0.01028931 -0.9655941
-3.624152 -0.01586623 1.820389 -0.06113813 0.2531956 -0.01109818 -0.9654175
-3.615135 -0.01562671 1.822704 -0.06021001 0.2544237 -0.012508 -0.9651357
-3.606072 -0.01546231 1.825083 -0.06041991 0.2561508 -0.0141772 -0.9646425
-3.597014 -0.01537947 1.827228 -0.06038313 0.2579284 -0.0158017 -0.9641458
-3.587906 -0.01552025 1.829426 -0.06061908 0.2593047 -0.01776558 -0.9637276
-3.578623 -0.01574357 1.831567 -0.06048553 0.2612479 -0.01936403 -0.9631802
-3.569589 -0.01592805 1.833317 -0.06036334 0.2629574 -0.02098212 -0.9626887
-3.560446 -0.01612633 1.834894 -0.0607926 0.2653586 -0.02292124 -0.9619583
-3.551176 -0.01612116 1.836065 -0.06115326 0.2689559 -0.02374107 -0.9609159
-3.541874 -0.01572842 1.836886 -0.06099464 0.272418 -0.02366039 -0.9599522
-3.53269 -0.01522681 1.83759 -0.06127987 0.2759524 -0.02371392 -0.9589227
-3.523703 -0.01491995 1.838292 -0.0609441 0.2793416 -0.02358252 -0.9579656
-3.51509 -0.01442401 1.838538 -0.06026407 0.282467 -0.0238863 -0.9570842
-3.506927 -0.01409695 1.838885 -0.06069682 0.2854465 -0.02523232 -0.9561378
-3.498751 -0.01369593 1.838932 -0.05988112 0.2884976 -0.02645987 -0.95524
-3.491245 -0.01345307 1.839026 -0.05970465 0.2908512 -0.02804494 -0.9544917
-3.484246 -0.01319599 1.839397 -0.06063281 0.2928829 -0.02948081 -0.9537685
-3.477293 -0.01257844 1.839308 -0.0602327 0.2952427 -0.02961111 -0.9530619
-3.470516 -0.01200819 1.83904 -0.05873697 0.2970389 -0.02946082 -0.9526017
-3.464275 -0.01164818 1.839235 -0.05958842 0.2984369 -0.0304066 -0.952082
-3.458715 -0.01093556 1.839844 -0.06116455 0.300294 -0.03099817 -0.9513788
-3.45272 -0.01031105 1.839581 -0.0607819 0.3017609 -0.03058341 -0.9509525
-3.446988 -0.009594858 1.839068 -0.0612018 0.3035393 -0.0302831 -0.950369
-3.441364 -0.00882357 1.838655 -0.06137003 0.3045311 -0.0297862 -0.9500565
-3.436426 -0.008183319 1.8384 -0.06160223 0.3040865 -0.02970612 -0.9501864
-3.431956 -0.007540159 1.838284 -0.06345582 0.3041905 -0.03016821 -0.9500166
-3.427693 -0.006866332 1.837899 -0.06355875 0.3047244 -0.0297991 -0.9498502
-3.42312 -0.006170362 1.837139 -0.06228101 0.3049198 -0.02886519 -0.949901
-3.418934 -0.005571533 1.836706 -0.06290369 0.3054212 -0.02858424 -0.9497073
-3.415132 -0.005125627 1.836318 -0.06329836 0.3054389 -0.0282566 -0.9496852
-3.411593 -0.004789468 1.835878 -0.06256086 0.3044661 -0.02782637 -0.9500591
-3.408622 -0.004555579 1.835677 -0.06321558 0.3030722 -0.02800328 -0.9504561
-3.406117 -0.004498985 1.836239 -0.06352691 0.3021241 -0.0275805 -0.9507496
-3.403131 -0.00390555 1.835487 -0.06225955 0.3016215 -0.02601675 -0.951037
-3.400754 -0.003022194 1.835324 -0.06202961 0.3015101 -0.02474752 -0.9511212
-3.398592 -0.002424616 1.835185 -0.0641727 0.3013797 -0.0242509 -0.9510332
-3.396373 -0.001708772 1.834717 -0.0644998 0.3015012 -0.02289257 -0.9510062
-3.394259 -0.001089808 1.83394 -0.06313915 0.3016656 -0.02124632 -0.9510835
-3.39287 -0.0004226305 1.833309 -0.06316629 0.3011389 -0.0207102 -0.9512605
-3.391328 -4.316121E-05 1.832762 -0.0632448 0.3007425 -0.02034166 -0.9513886
-3.389726 0.0003311969 1.831926 -0.06233605 0.3011056 -0.01957038 -0.9513499
-3.388078 0.0006079152 1.830573 -0.06127436 0.3014718 -0.01888871 -0.9513167
-3.38692 0.0007629879 1.82979 -0.06121154 0.3014991 -0.01892242 -0.9513115
-3.385939 0.0008224398 1.828959 -0.06101409 0.301635 -0.01897055 -0.9512801
-3.384619 0.0008422658 1.827773 -0.06000347 0.3021356 -0.01868126 -0.9511912
-3.383879 0.00074118 1.826831 -0.05948507 0.3022978 -0.01892621 -0.9511673
-3.3833 0.0006245188 1.825956 -0.05942256 0.3023752 -0.01937214 -0.9511377
-3.382382 0.0006272122 1.824697 -0.05901393 0.3029473 -0.01934162 -0.9509817
-3.381765 0.0007574745 1.823752 -0.05854027 0.303275 -0.0192048 -0.9509093
-3.380778 0.001005709 1.822592 -0.05828121 0.3034996 -0.01907367 -0.9508562
-3.380218 0.001276765 1.821643 -0.05760345 0.3040266 -0.01872838 -0.950736
-3.379717 0.00153929 1.820761 -0.05687654 0.3043409 -0.01846099 -0.9506844
-3.379293 0.001739524 1.820026 -0.05633814 0.3044226 -0.01844582 -0.9506907
-3.378498 0.001872331 1.819086 -0.05559654 0.3045446 -0.01839921 -0.9506961
-3.378198 0.001959879 1.818654 -0.05531886 0.3045079 -0.01843202 -0.9507235
-3.377974 0.002015211 1.818404 -0.0553339 0.3045838 -0.01835412 -0.9506998
-3.377579 0.002139471 1.818288 -0.05535325 0.3047122 -0.01819342 -0.9506606
-3.377486 0.002043273 1.818321 -0.055556 0.3047634 -0.01820222 -0.9506322
-3.377572 0.001790989 1.818514 -0.05563182 0.3041319 -0.01830471 -0.950828
-3.377505 0.001484185 1.818777 -0.05577217 0.3033579 -0.01830137 -0.9510671
-3.377779 0.001238715 1.818984 -0.05637438 0.3032442 -0.01833397 -0.9510671
-3.377975 0.001053397 1.819071 -0.05681882 0.3034597 -0.01837737 -0.9509712
-3.377816 0.001004394 1.818966 -0.05696853 0.3038355 -0.01842231 -0.9508413
-3.377852 0.0009454787 1.818824 -0.05690779 0.3042587 -0.01851452 -0.9507079
-3.377862 0.0009307079 1.818584 -0.05633665 0.3044198 -0.01850063 -0.9506906
-3.3774 0.0009104535 1.818626 -0.05568149 0.3043823 -0.01834011 -0.9507443
-3.377568 0.0008877143 1.818563 -0.05525023 0.3044787 -0.01824427 -0.9507404
-3.377601 0.0007722303 1.818635 -0.05535203 0.3044696 -0.01838961 -0.9507346
-3.378125 0.0004880801 1.818985 -0.05589391 0.3043719 -0.01886576 -0.9507248
-3.378634 0.0002153516 1.819378 -0.05650037 0.3042451 -0.01931167 -0.9507207
-3.378792 3.479794E-05 1.819561 -0.05649161 0.3039537 -0.01932415 -0.9508141
-3.379037 -0.0001114346 1.819787 -0.05645484 0.3037971 -0.01920497 -0.9508687
-3.379205 -0.0002079457 1.820086 -0.05683657 0.3038677 -0.01913104 -0.9508249
-3.37924 -0.0002246127 1.820313 -0.0565717 0.3040418 -0.01878679 -0.950792
-3.378997 -0.000203535 1.820508 -0.0565602 0.3038968 -0.01871547 -0.9508404
-3.379171 -0.0002247766 1.821009 -0.05709684 0.3037471 -0.0189569 -0.9508514
-3.379207 -0.0001923405 1.821385 -0.05689178 0.3039108 -0.01870519 -0.9508163
-3.378853 -0.0002117641 1.821659 -0.05712321 0.3041311 -0.0185023 -0.950736
