2.915202 0.3222843 1.98627 -0.03227064 0.8371484 -0.05340027 -0.5434055
2.914202 0.3230292 1.986486 -0.03317958 0.8371639 -0.05442388 -0.5432253
2.914477 0.323111 1.986466 -0.03323716 0.8371671 -0.05431531 -0.5432279
2.91473 0.3231666 1.986409 -0.03332693 0.8371508 -0.05443219 -0.5432358
2.914382 0.3234493 1.986636 -0.03313712 0.83719 -0.05408094 -0.543222
2.914732 0.323498 1.986621 -0.03301555 0.8372643 -0.05394812 -0.5431281
2.9151 0.3235697 1.986563 -0.03307498 0.8373792 -0.05398304 -0.542944
2.914063 0.3238958 1.98701 -0.03300646 0.8375068 -0.05385628 -0.5427637
2.914412 0.3239437 1.986985 -0.03290698 0.8375163 -0.05383255 -0.5427574
2.914809 0.3239819 1.986967 -0.03271168 0.8375766 -0.05365968 -0.5426934
2.913944 0.3241812 1.98737 -0.03257158 0.837665 -0.05349092 -0.542582
2.914222 0.3242192 1.987354 -0.03257075 0.8377557 -0.05347571 -0.5424435
2.914475 0.3242611 1.987326 -0.03256166 0.8377604 -0.05339396 -0.5424447
2.913786 0.3245046 1.987505 -0.03246689 0.8377976 -0.05311646 -0.5424202
2.914007 0.3244931 1.987423 -0.03250829 0.837887 -0.05326179 -0.5422654
2.914225 0.3244508 1.987333 -0.03250793 0.8379601 -0.05352153 -0.5421268
2.913693 0.3245394 1.98741 -0.03220931 0.8380088 -0.05340323 -0.5420811
2.91387 0.3244741 1.987302 -0.03198541 0.8378482 -0.05342794 -0.5423401
2.914014 0.3244373 1.987232 -0.03204275 0.8377553 -0.05373456 -0.5424499
2.913552 0.3245574 1.987484 -0.03178486 0.8378977 -0.05333915 -0.5422843
2.913708 0.3246115 1.987538 -0.0316028 0.837892 -0.05311337 -0.5423257
2.913753 0.3246518 1.9875 -0.03173465 0.8378191 -0.05358075 -0.5423847
2.913234 0.324815 1.987705 -0.03155965 0.8379223 -0.05329914 -0.5422632
2.913532 0.3248678 1.987687 -0.03115452 0.8380456 -0.05277812 -0.5421471
2.913712 0.324883 1.987579 -0.03117368 0.8380878 -0.05285262 -0.5420735
2.913979 0.3248264 1.987909 -0.03105921 0.8384965 -0.05239681 -0.5414919
2.914545 0.3249624 1.987945 -0.03062263 0.8391621 -0.05134809 -0.5405855
2.915134 0.3251121 1.988005 -0.03029305 0.8398868 -0.05034627 -0.5395719
2.915612 0.3250756 1.988454 -0.02984906 0.8404632 -0.04948208 -0.5387784
2.916123 0.3251668 1.988429 -0.02939415 0.8408378 -0.04866444 -0.5382931
2.916628 0.3252578 1.988386 -0.02882338 0.8410171 -0.04791001 -0.5381117
2.916975 0.3253686 1.98866 -0.02796915 0.8413709 -0.04674644 -0.5377058
2.917696 0.3255578 1.988748 -0.02726099 0.8418149 -0.04565676 -0.5371406
2.918359 0.325738 1.988826 -0.02649334 0.842097 -0.0444725 -0.536836
2.918768 0.3258128 1.989191 -0.02608764 0.8425103 -0.04361598 -0.5362774
2.919101 0.3258916 1.989069 -0.02647674 0.8429016 -0.04403015 -0.5356093
2.919348 0.3258754 1.988889 -0.02683229 0.843154 -0.04459496 -0.5351474
2.919132 0.3257944 1.989051 -0.02699802 0.8434244 -0.04503677 -0.5346757
2.919491 0.3257777 1.988835 -0.02714828 0.8437278 -0.04546371 -0.534153
2.919814 0.3257716 1.988587 -0.02746684 0.8439047 -0.04612487 -0.5338005
2.919445 0.3258258 1.988627 -0.02796662 0.8441586 -0.0470524 -0.5332919
2.920027 0.3259138 1.988392 -0.02826369 0.8447163 -0.04735991 -0.5323651
2.920518 0.3259684 1.988147 -0.02873656 0.8451394 -0.04802655 -0.531608
2.920106 0.3260417 1.988006 -0.02951494 0.8454542 -0.04932113 -0.530946
2.920462 0.325995 1.987782 -0.03018693 0.8457495 -0.05037778 -0.5303383
2.920895 0.3259205 1.987599 -0.03012049 0.8458393 -0.05076297 -0.530162
2.92054 0.3259996 1.987662 -0.03001127 0.8457693 -0.05097564 -0.5302594
2.920709 0.3259695 1.98745 -0.03011832 0.8454773 -0.05146809 -0.5306712
2.920878 0.3259441 1.98732 -0.03004438 0.8451137 -0.05148541 -0.5312527
2.920116 0.3260049 1.98773 -0.03006429 0.8449185 -0.05143178 -0.5315672
2.91993 0.3259242 1.987733 -0.03026474 0.8444412 -0.05185038 -0.5322731
2.919563 0.3257875 1.987742 -0.03055546 0.843741 -0.05233188 -0.5333187
2.91829 0.325666 1.987956 -0.03093839 0.8428288 -0.05329683 -0.5346419
2.917859 0.3254114 1.988016 -0.03085124 0.841829 -0.05359721 -0.5361898
2.917427 0.3251904 1.988111 -0.03073508 0.8408963 -0.0537134 -0.5376464
2.916711 0.3251193 1.988168 -0.03095877 0.8399267 -0.0540733 -0.5391111
2.916254 0.3250211 1.988233 -0.0311906 0.8391948 -0.05415857 -0.5402279
2.915821 0.3249634 1.988291 -0.03146685 0.8385706 -0.05418256 -0.5411779
2.915296 0.3250155 1.988415 -0.03183234 0.8381727 -0.05429033 -0.5417618
2.914884 0.3250257 1.988539 -0.03206262 0.8378802 -0.05438066 -0.5421914
2.914508 0.325062 1.988755 -0.03199703 0.8374614 -0.05398105 -0.5428818
2.914276 0.3251435 1.989124 -0.03194612 0.8370731 -0.05342253 -0.5435385
2.914058 0.3252452 1.989533 -0.03157878 0.8366013 -0.0522838 -0.5443965
2.913934 0.3254232 1.990051 -0.03076232 0.8361269 -0.05053948 -0.5453359
2.914059 0.3255885 1.990609 -0.02988464 0.8356569 -0.04914315 -0.546232
2.913995 0.3258116 1.99116 -0.02884641 0.8352768 -0.04750105 -0.5470139
2.913842 0.3259509 1.991632 -0.02803213 0.8348678 -0.04631493 -0.5477819
2.913889 0.3260761 1.991901 -0.02778221 0.8346007 -0.04570678 -0.5482524
2.913849 0.3261558 1.992158 -0.02765533 0.8347573 -0.04514202 -0.5480671
2.913821 0.3261852 1.992318 -0.02787164 0.8350995 -0.04517266 -0.5475322
2.914064 0.3262897 1.992478 -0.02778327 0.8354771 -0.04465726 -0.5470027
2.914291 0.3263422 1.992638 -0.02732811 0.8356475 -0.04385865 -0.5468298
2.914544 0.3264006 1.992729 -0.02679652 0.8356019 -0.04313711 -0.5469833
2.91475 0.3264465 1.992838 -0.02619538 0.8354133 -0.04239062 -0.5473586
2.915241 0.3266276 1.99303 -0.02537966 0.8354082 -0.04124412 -0.5474924
2.916068 0.3269286 1.993363 -0.02427566 0.8359042 -0.03951484 -0.5469126
2.917086 0.3272706 1.993815 -0.02366984 0.836643 -0.03811184 -0.5459082
2.918025 0.3277388 1.994235 -0.02335298 0.8373166 -0.03666568 -0.5449874
2.919182 0.3282104 1.994615 -0.02287689 0.8382536 -0.034823 -0.5436864
2.920156 0.3285142 1.995052 -0.02253154 0.8393144 -0.03337971 -0.5421527
2.920989 0.3287673 1.995111 -0.02247894 0.8401269 -0.03299055 -0.5409189
2.921512 0.3288636 1.994954 -0.02266851 0.8406019 -0.0335328 -0.540139
2.921562 0.3289137 1.994863 -0.0228425 0.8413628 -0.03395233 -0.5389194
2.922057 0.3289514 1.994639 -0.02332279 0.8423045 -0.03474471 -0.537375
2.922416 0.3290397 1.994378 -0.0240984 0.8431624 -0.03579631 -0.5359246
2.922555 0.3291367 1.994091 -0.02474761 0.8439177 -0.03668505 -0.5346444
2.922909 0.3292363 1.993786 -0.02543015 0.8446586 -0.03765621 -0.5333734
2.923262 0.3292935 1.993472 -0.0259096 0.8451885 -0.03832965 -0.5324622
2.923091 0.3293287 1.993031 -0.02642557 0.8456134 -0.03934518 -0.5316877
2.923179 0.3293228 1.992676 -0.02746517 0.845878 -0.04100201 -0.5310884
2.923238 0.3292504 1.992326 -0.02844078 0.8460352 -0.04279004 -0.5306455
2.922369 0.3291254 1.991768 -0.02933845 0.846343 -0.04436681 -0.5299758
2.922458 0.3290595 1.991506 -0.02994645 0.8464574 -0.04545446 -0.5296669
2.922452 0.3289258 1.991141 -0.03060892 0.8463111 -0.04681984 -0.5297438
2.921454 0.3287701 1.990693 -0.0310663 0.8462015 -0.04776265 -0.5298082
2.921384 0.3285927 1.99038 -0.03108525 0.8459282 -0.04840752 -0.5301847
2.921095 0.3283467 1.989998 -0.03150257 0.845341 -0.04977176 -0.5309699
2.920314 0.3281096 1.989442 -0.03194857 0.8447971 -0.05108681 -0.5316836
2.920061 0.3278381 1.989208 -0.03235513 0.8442823 -0.05231047 -0.5323573
2.919797 0.3276231 1.989028 -0.03292242 0.8438348 -0.05342367 -0.5329211
2.918808 0.3272157 1.988963 -0.03306893 0.8433922 -0.05400566 -0.5335537
2.918502 0.3270246 1.988874 -0.03328488 0.8428429 -0.05452162 -0.5343552
2.918144 0.3268044 1.988898 -0.03331009 0.8422081 -0.0547273 -0.5353326
2.916925 0.3264663 1.989157 -0.03281888 0.8414934 -0.05433483 -0.5365255
2.916224 0.3261798 1.989137 -0.03275627 0.8405688 -0.05432654 -0.5379774
2.91514 0.3258789 1.989002 -0.03316984 0.8393484 -0.05499044 -0.5397872
2.913252 0.3254561 1.988847 -0.03322792 0.8379501 -0.0554294 -0.541907
2.912043 0.3250946 1.988724 -0.0335702 0.836725 -0.05626763 -0.5436895
2.910943 0.3248115 1.988757 -0.03356618 0.8355457 -0.05660166 -0.5454658
2.909979 0.3245452 1.988781 -0.03262294 0.8343551 -0.05555489 -0.5474496
2.909446 0.3244507 1.98911 -0.03137654 0.8332784 -0.05384554 -0.5493299
2.908982 0.324472 1.989485 -0.03031296 0.8320975 -0.05205478 -0.5513485
2.908784 0.3243867 1.989648 -0.029192 0.8308773 -0.05026627 -0.5534112
2.908499 0.3244737 1.99003 -0.02795342 0.8299689 -0.04826954 -0.5550137
2.908305 0.3245056 1.990314 -0.02685124 0.8293278 -0.04677725 -0.5561533
2.908312 0.3244795 1.990573 -0.02639183 0.8291363 -0.04609472 -0.5565176
2.908471 0.3246454 1.990941 -0.02604708 0.829483 -0.04529533 -0.5560827
2.908985 0.3248963 1.991378 -0.02532131 0.8301716 -0.04370138 -0.5552154
2.910186 0.3251351 1.991858 -0.02466255 0.8314096 -0.04188922 -0.5535296
2.911015 0.3254966 1.992281 -0.0241108 0.8325819 -0.04033324 -0.5519051
2.911707 0.3257754 1.992589 -0.02319738 0.8330836 -0.03873375 -0.5513014
2.913146 0.3257566 1.99281 -0.02182147 0.8333522 -0.0368129 -0.5510832
2.914018 0.3259605 1.993071 -0.02047476 0.8336502 -0.03485832 -0.5508114
2.914916 0.3261691 1.993358 -0.01950556 0.8341839 -0.03330848 -0.550134
2.916304 0.3262177 1.993586 -0.01887572 0.8349503 -0.03220147 -0.549058
2.91721 0.3264737 1.993795 -0.01867122 0.8362238 -0.03147778 -0.5471657
2.91797 0.3267373 1.993945 -0.01900831 0.8375171 -0.03140039 -0.5451769
2.919523 0.3266192 1.99351 -0.0192273 0.8386509 -0.03122351 -0.5434337
2.920253 0.3267504 1.993451 -0.01938191 0.8395982 -0.03117949 -0.5419659
2.920808 0.3268639 1.993277 -0.02014795 0.8405056 -0.03201527 -0.5404808
2.921514 0.326928 1.992934 -0.02080417 0.8415711 -0.03293559 -0.5387399
2.922193 0.3269394 1.992568 -0.02130068 0.8426236 -0.0338853 -0.5370136
2.922838 0.3269151 1.992059 -0.02221215 0.8437894 -0.03560356 -0.5350313
2.923462 0.3268086 1.991283 -0.02310279 0.8448961 -0.03734745 -0.5331248
2.924238 0.3267913 1.990776 -0.02385402 0.8461105 -0.03857605 -0.5310743
2.924791 0.326673 1.990163 -0.02468252 0.8469959 -0.04035665 -0.5294904
2.92489 0.3263653 1.989165 -0.02526367 0.8471699 -0.04223886 -0.5290376
2.924644 0.325948 1.98822 -0.02614108 0.8468521 -0.04498114 -0.5292777
2.924203 0.3254789 1.987231 -0.02711854 0.8463608 -0.04779581 -0.5297675
2.922892 0.3250288 1.986139 -0.02803767 0.8460467 -0.0504374 -0.5299762
2.922364 0.3245321 1.98525 -0.02929291 0.8457494 -0.05345741 -0.5300869
2.921867 0.3241195 1.98451 -0.03023336 0.8453779 -0.05562023 -0.5304043
2.920246 0.3238001 1.983688 -0.03111449 0.8447491 -0.05774392 -0.5311276
2.919594 0.3234322 1.983135 -0.03147879 0.8437846 -0.05909885 -0.5324885
2.919076 0.3231307 1.982794 -0.03093174 0.8427936 -0.05896713 -0.5341021
2.918092 0.3226939 1.982386 -0.03022755 0.8418023 -0.0587927 -0.5357225
2.917467 0.3224545 1.982293 -0.02986264 0.8410031 -0.05890191 -0.5369847
2.917008 0.3223224 1.982331 -0.02915543 0.8404887 -0.05810836 -0.5379146
2.916272 0.3221292 1.98224 -0.0286324 0.8400535 -0.05736076 -0.5387022
2.915954 0.3221567 1.982312 -0.02840042 0.8397838 -0.05685845 -0.539188
2.916032 0.3223113 1.982524 -0.02748129 0.8398384 -0.05492977 -0.5393506
2.914466 0.3227517 1.98241 -0.02668208 0.8398328 -0.05342375 -0.5395507
2.914471 0.3228572 1.982444 -0.02620319 0.8399511 -0.05254536 -0.5394763
2.914454 0.3229461 1.982342 -0.02587706 0.840283 -0.05194457 -0.5390331
2.913832 0.3228366 1.981925 -0.0261851 0.8405163 -0.05233197 -0.5386169
2.913625 0.3228432 1.981348 -0.02640677 0.8408253 -0.05263785 -0.5380937
2.913492 0.3228245 1.980569 -0.02655202 0.8412398 -0.05306188 -0.5373966
2.913304 0.3223933 1.979797 -0.02669775 0.8418652 -0.05344012 -0.5363715
2.913352 0.3223571 1.978943 -0.02666268 0.8424892 -0.05362311 -0.5353742
2.913331 0.3223252 1.977992 -0.02664295 0.8429072 -0.05364911 -0.5347144
2.912803 0.3221885 1.976892 -0.02637103 0.8432106 -0.05334773 -0.5342794
2.912449 0.3220706 1.975711 -0.02607274 0.8434661 -0.05310623 -0.5339147
2.91166 0.3219508 1.97444 -0.02613425 0.8434737 -0.05331041 -0.5338793
2.91064 0.3216389 1.972933 -0.02627948 0.8433969 -0.05393687 -0.5339305
2.909198 0.3214377 1.971472 -0.02646754 0.8432281 -0.05485222 -0.5340948
2.907624 0.3212128 1.969921 -0.02654222 0.8429042 -0.05558464 -0.5345263
2.90609 0.3210048 1.968181 -0.02657047 0.8425731 -0.05553702 -0.5350516
2.904479 0.3208546 1.966445 -0.0267469 0.8425332 -0.0553768 -0.5351223
2.902713 0.32061 1.964601 -0.02703553 0.8426349 -0.05552526 -0.5349323
2.901361 0.320389 1.962531 -0.02698189 0.8427842 -0.05526266 -0.5347269
2.899114 0.3200178 1.960242 -0.02712757 0.8425698 -0.05552683 -0.5350299
2.896477 0.3196786 1.957662 -0.02795237 0.8422903 -0.05664213 -0.5353105
2.893773 0.3195198 1.955014 -0.02854202 0.8421928 -0.05745154 -0.5353467
2.890896 0.319252 1.952172 -0.02890769 0.8419973 -0.05825686 -0.5355475
2.888071 0.3189473 1.949231 -0.02906457 0.8419343 -0.05907802 -0.5355479
2.885778 0.3186964 1.946289 -0.02843639 0.8421046 -0.05878222 -0.5353466
2.883005 0.3182572 1.943058 -0.02771139 0.8423113 -0.05853084 -0.5350869
2.879838 0.3176186 1.93951 -0.02747098 0.8425371 -0.05958245 -0.5346276
2.876818 0.3169374 1.935578 -0.02745209 0.8426919 -0.06089453 -0.5342365
2.872947 0.3161983 1.931603 -0.02738721 0.8425356 -0.06202773 -0.5343561
2.868662 0.3154514 1.927467 -0.02781087 0.8422064 -0.06353963 -0.5346755
2.864147 0.3149447 1.922957 -0.02858585 0.842141 -0.06486477 -0.5345783
2.859297 0.3143712 1.918797 -0.0296374 0.8418759 -0.06604137 -0.5347946
2.854242 0.3138303 1.914589 -0.03055072 0.8414662 -0.06691466 -0.5352792
2.849351 0.3132566 1.909777 -0.03121978 0.841073 -0.06752981 -0.5357811
2.844182 0.3128569 1.905679 -0.03148285 0.8407964 -0.06764244 -0.5361854
2.838941 0.3125337 1.901622 -0.03125879 0.8404974 -0.06748284 -0.5366872
2.833289 0.3123807 1.897053 -0.0315615 0.8400747 -0.06834986 -0.5372214
2.827685 0.3121618 1.893112 -0.03196332 0.8397127 -0.0693494 -0.5376351
2.822098 0.311959 1.889407 -0.03193224 0.8393394 -0.06950767 -0.5381992
2.816172 0.3117251 1.885531 -0.03210646 0.8390995 -0.06978991 -0.5385264
2.810414 0.3114243 1.881936 -0.03233475 0.8389892 -0.06989407 -0.538671
2.804382 0.3110881 1.878344 -0.03247831 0.8386882 -0.07005009 -0.5391108
2.797908 0.3108028 1.874361 -0.03274262 0.8384362 -0.07054143 -0.5394225
2.791689 0.3106646 1.871178 -0.03306681 0.8384619 -0.07040478 -0.5393806
2.785362 0.3105989 1.868262 -0.03378475 0.8387659 -0.07083201 -0.5388072
2.77866 0.3107129 1.86505 -0.03470269 0.8390426 -0.07152257 -0.5382265
2.772238 0.310803 1.862444 -0.03498307 0.8391456 -0.07146239 -0.5380558
2.765675 0.3108081 1.859956 -0.03510723 0.8391373 -0.07180857 -0.5380145
2.759276 0.3108418 1.857459 -0.03532782 0.8390667 -0.07230283 -0.5380439
2.75263 0.3109136 1.855368 -0.03560895 0.8391541 -0.07283071 -0.537818
2.746148 0.3110982 1.85358 -0.03622961 0.8396608 -0.07353061 -0.5368897
2.73967 0.3114102 1.851704 -0.03618786 0.8405939 -0.0727075 -0.5355427
2.733861 0.3115399 1.85092 -0.03544861 0.8413932 -0.07103427 -0.5345607
2.72806 0.3114208 1.850226 -0.0350774 0.8422964 -0.06988164 -0.5333133
2.722208 0.3112255 1.848856 -0.0354889 0.8434604 -0.0698297 -0.5314498
2.71598 0.310747 1.847674 -0.03610123 0.8444168 -0.07104076 -0.5297266
2.709617 0.310364 1.846325 -0.03684181 0.8450835 -0.07298224 -0.5283466
2.702881 0.310223 1.844096 -0.03750259 0.8456337 -0.0745857 -0.5271946
2.697241 0.3101298 1.843193 -0.03788749 0.8464773 -0.07550759 -0.5256799
2.692409 0.3100558 1.842649 -0.0375661 0.8476141 -0.07473037 -0.5239795
2.688274 0.3098277 1.841627 -0.03681603 0.8487959 -0.07260153 -0.5224167
2.68392 0.3096333 1.840658 -0.03615156 0.8495417 -0.07128999 -0.5214304
2.679152 0.3091828 1.839266 -0.03615052 0.8497003 -0.07259918 -0.5209913
2.674444 0.3084044 1.836951 -0.03604913 0.8499127 -0.07471305 -0.5203527
2.670193 0.3079985 1.835431 -0.03510058 0.850266 -0.07505729 -0.5197905
2.666119 0.3076515 1.83381 -0.03444132 0.8506335 -0.07522881 -0.5192081
2.663926 0.30705 1.832302 -0.03403139 0.8509999 -0.07534846 -0.5186172
2.65999 0.3068382 1.830533 -0.0332059 0.8513997 -0.07450923 -0.5181354
2.655668 0.3065845 1.82846 -0.03289697 0.8515962 -0.07488085 -0.5177787
2.652677 0.3064888 1.826509 -0.03366557 0.8520017 -0.07605305 -0.5168905
2.648211 0.3066895 1.82427 -0.03441197 0.8521665 -0.07658631 -0.5164906
2.644028 0.3069193 1.822088 -0.03406233 0.8521199 -0.07566175 -0.5167269
2.641906 0.3068904 1.820134 -0.03273622 0.8519402 -0.07337037 -0.5174389
2.637794 0.3068928 1.817619 -0.03164536 0.8514545 -0.07148251 -0.5185692
2.633185 0.3065656 1.814637 -0.03132937 0.8506454 -0.07088933 -0.5199957
2.628726 0.3059325 1.811341 -0.03091031 0.8499382 -0.07021596 -0.521267
2.623219 0.3049698 1.807265 -0.03133923 0.8491458 -0.07146401 -0.5223621
2.617265 0.30389 1.802554 -0.03217465 0.8482884 -0.07358661 -0.5234088
2.612312 0.3027576 1.79756 -0.03246042 0.8473659 -0.07521921 -0.5246519
2.606166 0.3017858 1.791935 -0.03239936 0.8462563 -0.07654143 -0.5262528
2.600044 0.3009755 1.78615 -0.03202233 0.8451182 -0.07711079 -0.5280188
2.593801 0.300359 1.780359 -0.03113464 0.8444003 -0.07699914 -0.5292352
2.587537 0.2998426 1.77414 -0.03025368 0.8436612 -0.0770665 -0.5304539
2.580931 0.2994213 1.767608 -0.02961776 0.8429979 -0.07777233 -0.5314404
2.573455 0.2990969 1.760533 -0.02930394 0.8423466 -0.07885532 -0.5323302
2.566617 0.2988837 1.752997 -0.02950904 0.841841 -0.07940336 -0.5330367
2.559883 0.2988564 1.745072 -0.0298163 0.8414985 -0.07942902 -0.5335563
2.552639 0.2990493 1.736828 -0.03022427 0.8409612 -0.07982678 -0.5343207
2.546066 0.2992821 1.728312 -0.03096649 0.8405172 -0.07989544 -0.5349661
2.539899 0.2996874 1.719673 -0.0316844 0.8406332 -0.07898004 -0.5348778
2.535633 0.3001714 1.711301 -0.03204441 0.8411046 -0.07771309 -0.5343004
2.529647 0.3004167 1.701979 -0.03214657 0.8414853 -0.07701203 -0.5337961
2.523177 0.3004576 1.692032 -0.03267088 0.8409592 -0.07807951 -0.5344378
2.517127 0.3008734 1.68223 -0.03321043 0.8400816 -0.07887428 -0.5356668
2.511202 0.301392 1.672206 -0.0334239 0.8395651 -0.07844479 -0.5365256
2.505506 0.3020877 1.662375 -0.03387866 0.8391014 -0.07823782 -0.5372522
2.499972 0.3027133 1.652905 -0.03431267 0.8388291 -0.07763568 -0.537737
2.495016 0.3033219 1.644145 -0.03448075 0.838714 -0.07593843 -0.538148
2.490207 0.3036757 1.635843 -0.03511945 0.838739 -0.07446084 -0.5382742
2.48664 0.303447 1.628191 -0.03563505 0.8390154 -0.07369946 -0.5379143
2.481448 0.3031047 1.620319 -0.03639019 0.8384427 -0.07498415 -0.5385786
2.475949 0.3026285 1.612662 -0.03692165 0.8371264 -0.07726207 -0.5402656
2.470269 0.3019148 1.605381 -0.03709075 0.8357786 -0.07972697 -0.5419797
2.465369 0.3018077 1.599015 -0.0368495 0.8347413 -0.08131995 -0.5433565
2.460982 0.3020318 1.593528 -0.03616661 0.8341009 -0.08079062 -0.5444636
2.456343 0.3024364 1.588643 -0.03627393 0.8336446 -0.07957882 -0.5453331
2.451942 0.3029754 1.58409 -0.03748363 0.833375 -0.07884435 -0.5457698
2.447535 0.3033794 1.579907 -0.03852004 0.8333545 -0.07801529 -0.5458482
2.44334 0.3033622 1.576062 -0.03896326 0.8334444 -0.07770827 -0.5457232
2.438574 0.3029645 1.572118 -0.03901906 0.833213 -0.0782923 -0.5459889
2.433509 0.3022732 1.568272 -0.03885502 0.8327042 -0.07892551 -0.5466853
2.428668 0.301756 1.564754 -0.03854707 0.8324518 -0.07905541 -0.5470727
2.423013 0.3010038 1.560831 -0.03885562 0.8323164 -0.07941329 -0.5472049
2.416683 0.3002729 1.556836 -0.03970915 0.8323035 -0.08071543 -0.5469728
2.409559 0.2999077 1.552721 -0.04048384 0.8322943 -0.08226266 -0.5466993
2.402614 0.2991993 1.549101 -0.04083702 0.8323301 -0.08274404 -0.5465458
2.395523 0.2985786 1.545672 -0.04119053 0.8327456 -0.08249246 -0.5459241
2.388695 0.2981986 1.54291 -0.04147148 0.8333806 -0.08172514 -0.5450485
2.38057 0.2977598 1.539402 -0.04145876 0.8340476 -0.08128981 -0.5440935
2.371446 0.2972278 1.535611 -0.0417178 0.8342966 -0.08237652 -0.5435282
2.361443 0.2967716 1.531419 -0.04182318 0.8344489 -0.08311287 -0.5431741
2.351338 0.2964453 1.527725 -0.04181517 0.8345563 -0.08346847 -0.5429552
2.34111 0.2962582 1.524295 -0.04182232 0.8349944 -0.08343913 -0.5422853
2.330523 0.2967224 1.520412 -0.04131925 0.8361639 -0.08237871 -0.5406814
2.320163 0.2969402 1.517123 -0.0404737 0.8373461 -0.08174441 -0.5390096
2.309057 0.2972181 1.513478 -0.03990665 0.8378837 -0.0822453 -0.5381396
2.297431 0.2977601 1.509634 -0.03960622 0.8381638 -0.08263088 -0.5376663
2.285197 0.2984194 1.505858 -0.03976444 0.8379478 -0.08348282 -0.5378597
2.272487 0.2990959 1.502255 -0.04056946 0.8374968 -0.08579452 -0.5381381
2.25938 0.3000714 1.49831 -0.04098782 0.8371982 -0.08777802 -0.5382511
2.247707 0.3011724 1.495896 -0.04036159 0.8374328 -0.08800592 -0.5378962
2.236986 0.3023576 1.494019 -0.0389317 0.8381727 -0.08689501 -0.537029
2.227469 0.3035639 1.492787 -0.0372358 0.8391456 -0.0849379 -0.535942
2.21787 0.3045392 1.491034 -0.03570548 0.8401107 -0.08275434 -0.5348747
2.208199 0.3052636 1.489154 -0.03488505 0.840778 -0.08137766 -0.5340909
2.198915 0.3058859 1.48782 -0.03482187 0.8412836 -0.08124278 -0.5333189
2.189422 0.305985 1.48604 -0.03480706 0.8416592 -0.08164582 -0.5326653
2.180412 0.3058179 1.484412 -0.03483758 0.8419832 -0.08248258 -0.5320219
2.172337 0.3055027 1.483078 -0.03467179 0.8425637 -0.08267131 -0.5310836
2.165379 0.3048992 1.48183 -0.03368402 0.8433769 -0.08145443 -0.5300433
2.158963 0.3041442 1.48042 -0.03314126 0.844139 -0.0806381 -0.5289882
2.153224 0.3037254 1.479105 -0.03405458 0.8442978 -0.08150213 -0.5285443
2.14652 0.303321 1.476975 -0.03559682 0.8438032 -0.08367958 -0.5288921
2.140285 0.3033391 1.474786 -0.03688321 0.8435729 -0.08544572 -0.528889
2.134616 0.3037002 1.472555 -0.03728861 0.8440983 -0.08539262 -0.52803
2.129812 0.304283 1.470485 -0.03654695 0.8445046 -0.08390931 -0.52767
2.124927 0.3045711 1.467964 -0.03556663 0.8442125 -0.08303867 -0.5283416
2.120582 0.3043963 1.464841 -0.03518883 0.8437731 -0.08323094 -0.5290382
2.115346 0.3041794 1.461146 -0.03544801 0.8431473 -0.08375797 -0.5299345
2.109685 0.3037908 1.456795 -0.03666634 0.8422444 -0.08567447 -0.5309801
2.103121 0.3034554 1.451717 -0.03758008 0.8415841 -0.08765815 -0.531639
2.097764 0.3028648 1.44635 -0.03759414 0.8408446 -0.08913876 -0.532561
2.092686 0.3021843 1.44057 -0.0373734 0.8400547 -0.09112946 -0.5334856
2.091208 0.2461983 1.481579 -0.03930623 0.8295881 -0.09204159 -0.5493333
2.087105 0.2459584 1.475576 -0.03878918 0.8291051 -0.09198172 -0.5501087
2.083547 0.2460344 1.469325 -0.03847224 0.8290957 -0.09136304 -0.5502482
2.080323 0.2451544 1.462787 -0.03865421 0.8291938 -0.09039342 -0.5502477
2.076783 0.2459236 1.455608 -0.039417 0.8289911 -0.09003577 -0.5505576
2.073428 0.2468482 1.448122 -0.03969938 0.8287363 -0.08997793 -0.5509303
2.070376 0.2467287 1.440509 -0.03934366 0.8282706 -0.09003185 -0.5516469
2.068068 0.247675 1.43351 -0.03846783 0.8278373 -0.08906355 -0.5525155
2.066574 0.2486226 1.427069 -0.0372825 0.8277736 -0.08643014 -0.55311
2.065905 0.2485268 1.420817 -0.03662384 0.8277417 -0.08331736 -0.5536792
2.064816 0.2491324 1.41502 -0.03641183 0.8275377 -0.07975559 -0.5545219
2.063278 0.249456 1.409599 -0.03727678 0.8270329 -0.07742933 -0.5555463
2.06159 0.2486783 1.404292 -0.03918386 0.8265589 -0.07742095 -0.5561215
2.059393 0.2483593 1.399756 -0.04089553 0.8260757 -0.07858493 -0.5565527
2.057193 0.2479741 1.395681 -0.04162467 0.8252945 -0.07940543 -0.5575403
2.055048 0.2473624 1.391691 -0.04194144 0.8244105 -0.0806198 -0.558649
2.052854 0.2470796 1.388535 -0.04198003 0.8237766 -0.08261807 -0.559289
2.05105 0.2471238 1.386075 -0.04087335 0.8234646 -0.08331587 -0.5597267
2.049261 0.2475545 1.38412 -0.03949752 0.8232019 -0.08248909 -0.560334
2.047361 0.2481855 1.38275 -0.03933323 0.8234277 -0.08179647 -0.5601153
2.04532 0.2487224 1.381812 -0.0400143 0.8242225 -0.08140256 -0.5589542
2.043221 0.2488171 1.381089 -0.04063672 0.8250489 -0.08137495 -0.5576926
2.040361 0.2486878 1.380468 -0.04192004 0.8254456 -0.0834306 -0.5567062
2.037572 0.2486282 1.37995 -0.04256952 0.8258737 -0.08547425 -0.555711
2.035825 0.2490815 1.379201 -0.0420684 0.8261051 -0.08661864 -0.5552278
2.0335 0.2495638 1.378972 -0.04136941 0.8259673 -0.08766288 -0.5553215
2.031617 0.2505158 1.379155 -0.04091108 0.8260185 -0.08692273 -0.5553955
2.030317 0.2515868 1.379521 -0.04068586 0.8263263 -0.08437045 -0.5553479
2.028824 0.2525158 1.38051 -0.04127053 0.8265724 -0.0825605 -0.5552104
2.027358 0.2530907 1.381644 -0.04216675 0.8270268 -0.08161482 -0.5546058
2.026373 0.2532212 1.382386 -0.04243976 0.8274403 -0.08174433 -0.5539488
2.0249 0.2530815 1.383027 -0.04218343 0.8271435 -0.08253463 -0.5542943
2.023628 0.2529867 1.383415 -0.04162205 0.8265255 -0.08241824 -0.5552751
2.02278 0.2529486 1.383576 -0.04153732 0.8259946 -0.08205348 -0.5561249
2.0219 0.2530654 1.383915 -0.04195509 0.82596 -0.0818095 -0.5561809
2.021242 0.2532706 1.384294 -0.04218763 0.8262387 -0.08116332 -0.5558439
2.021334 0.253181 1.384744 -0.04249177 0.8259925 -0.08110616 -0.5561948
2.020793 0.2532231 1.384898 -0.04262606 0.8255968 -0.08113392 -0.5567677
2.020623 0.2532087 1.384994 -0.04200539 0.8253768 -0.08044226 -0.5572412
2.020799 0.252965 1.384911 -0.04145303 0.8250431 -0.0803622 -0.5577881
2.020635 0.2527854 1.384859 -0.04118869 0.8247495 -0.08095425 -0.558156
2.020795 0.2527404 1.384887 -0.04090295 0.8249244 -0.08081316 -0.557939
2.021347 0.2526682 1.384794 -0.04065115 0.825138 -0.08041374 -0.5576993
2.021493 0.25267 1.38469 -0.04058066 0.8249987 -0.08038049 -0.5579151
2.02175 0.2528192 1.384663 -0.04041243 0.8251088 -0.07989577 -0.5578342
2.022424 0.2529748 1.384503 -0.04031146 0.8253758 -0.07953465 -0.557498
2.022757 0.2532154 1.384523 -0.04027149 0.8256014 -0.079175 -0.557218
2.023183 0.2534933 1.384613 -0.04019958 0.8258337 -0.07876834 -0.5569366
2.023879 0.2537204 1.384562 -0.03979803 0.8260099 -0.0779431 -0.5568202
2.024456 0.2539848 1.384622 -0.03932792 0.8262362 -0.07684298 -0.5566707
2.024781 0.2541361 1.384546 -0.03946394 0.8264567 -0.07690974 -0.5563245
2.025165 0.2541311 1.384215 -0.03958136 0.8266099 -0.07695297 -0.5560824
2.0255 0.2542374 1.384135 -0.03928683 0.826897 -0.07631252 -0.5557646
2.025666 0.2542431 1.383987 -0.03913574 0.8270126 -0.07618123 -0.5556213
2.025772 0.2541912 1.383559 -0.03913951 0.8269435 -0.07616643 -0.5557259
2.025894 0.2542354 1.383442 -0.03881818 0.8271427 -0.07569961 -0.5555157
2.025922 0.2542608 1.383287 -0.0385868 0.8272656 -0.07552554 -0.5553725
2.026002 0.2543336 1.382974 -0.03819138 0.8273675 -0.07514253 -0.5553
2.025947 0.2543411 1.38284 -0.03779579 0.8274322 -0.0749109 -0.5552619
2.02586 0.2543593 1.382713 -0.03743559 0.827439 -0.07446847 -0.5553357
2.026425 0.254278 1.382878 -0.03687495 0.8275161 -0.07366893 -0.555365
2.026281 0.2542771 1.382803 -0.03632352 0.8276316 -0.07302355 -0.5553144
2.025898 0.2542554 1.3827 -0.03605899 0.8274078 -0.0729319 -0.5556771
2.02565 0.2544779 1.38267 -0.03575984 0.8272794 -0.07260048 -0.555931
2.025606 0.2547486 1.382904 -0.03488059 0.8273678 -0.0709815 -0.5560644
2.025568 0.2550954 1.383255 -0.03419248 0.8273764 -0.069257 -0.5563117
2.025615 0.255637 1.383695 -0.03366891 0.8275274 -0.06752421 -0.556332
2.025727 0.2561217 1.384271 -0.03281665 0.8278633 -0.06514134 -0.5561673
2.025683 0.2565501 1.384839 -0.03229395 0.8280064 -0.06347561 -0.5561776
2.025627 0.2570542 1.385302 -0.03167519 0.8280323 -0.06176735 -0.5563669
2.025678 0.2574812 1.385921 -0.03072774 0.8280936 -0.05947292 -0.5565788
2.02582 0.2579496 1.386575 -0.02994442 0.8283171 -0.05746869 -0.5564993
2.025967 0.2586257 1.387182 -0.02888528 0.8286126 -0.05499918 -0.556365
2.026372 0.2591651 1.38802 -0.02779848 0.8290141 -0.05241478 -0.5560716
2.026886 0.2597479 1.38891 -0.02667043 0.8293695 -0.0496386 -0.5558516
2.027617 0.2603724 1.389907 -0.02498844 0.829755 -0.04601157 -0.5556665
2.028264 0.2608913 1.390766 -0.02354256 0.8299888 -0.04300488 -0.5556211
2.0289 0.2614065 1.391654 -0.02228245 0.8303297 -0.04023251 -0.5553715
2.029439 0.2621026 1.392656 -0.02065593 0.8309232 -0.03684652 -0.5547814
2.029991 0.2625073 1.393505 -0.01946897 0.8314799 -0.03443042 -0.554145
2.030423 0.2628081 1.394196 -0.01821822 0.8317241 -0.03243223 -0.5539417
2.031287 0.2627679 1.394756 -0.01675481 0.8318288 -0.0302012 -0.5539567
2.031835 0.263092 1.395334 -0.01542011 0.8320486 -0.02798897 -0.5537816
2.032539 0.2634453 1.39595 -0.01385635 0.8322405 -0.02519644 -0.5536687
2.032669 0.2639568 1.396274 -0.0126304 0.8323904 -0.02292404 -0.5535714
2.033496 0.2643571 1.39689 -0.01125768 0.8327384 -0.02038625 -0.5531766
2.034733 0.2648517 1.39772 -0.00910616 0.8333648 -0.01642597 -0.5524042
2.035858 0.2655296 1.398457 -0.007701993 0.8338513 -0.01349232 -0.5517705
2.036758 0.2660213 1.399062 -0.006505281 0.8341578 -0.01108614 -0.551376
2.037655 0.2664222 1.399593 -0.005013347 0.8342899 -0.008575232 -0.5512366
2.038461 0.2669354 1.400105 -0.003783345 0.8343637 -0.006650329 -0.5511613
2.039017 0.2672945 1.400471 -0.002977491 0.8344551 -0.005388588 -0.5510415
2.039528 0.2676752 1.400802 -0.002320856 0.8345562 -0.004131407 -0.5509025
2.040149 0.2681247 1.401309 -0.001518726 0.8345755 -0.002624601 -0.5508852
2.040481 0.2684166 1.401523 -0.001208365 0.8345485 -0.00206396 -0.5509294
2.040881 0.2687213 1.40178 -0.001034021 0.8346692 -0.001510084 -0.5507486
2.04052 0.2694522 1.402192 -0.0003753603 0.8348106 -0.0002759099 -0.5505371
2.040818 0.2696966 1.402393 -0.0003773571 0.834911 4.351139E-05 -0.5503849
2.040958 0.2699378 1.402542 -0.0008832216 0.8351452 -0.0003327131 -0.5500289
2.039672 0.2706718 1.402443 -0.0008642078 0.8352132 -0.0003066063 -0.5499256
2.039784 0.270832 1.402474 -0.0009501875 0.8352221 -0.0004292429 -0.5499119
2.040042 0.2710203 1.402528 -0.001027942 0.8353752 -0.0005303622 -0.5496789
2.038465 0.2717143 1.402399 -0.0008396507 0.8353818 -0.0003425479 -0.5496694
2.038648 0.2719575 1.402521 -0.0009418131 0.8354077 -0.0002467335 -0.5496299
2.038745 0.2722237 1.402615 -0.001220912 0.83543 -0.0004880428 -0.5495952
2.036485 0.2728411 1.402243 -0.001849234 0.8354658 -0.001237542 -0.549538
2.036415 0.2731287 1.402234 -0.002420992 0.8356311 -0.001876593 -0.5492826
2.036227 0.273329 1.402081 -0.003037184 0.8356231 -0.003018677 -0.5492864
2.033674 0.2736671 1.401462 -0.004027545 0.8354675 -0.005061209 -0.5495019
2.033138 0.2737617 1.401119 -0.005307287 0.8355649 -0.007321746 -0.5493173
2.032595 0.2737871 1.400716 -0.006520868 0.8356861 -0.009263695 -0.5490905
2.029803 0.2736603 1.399886 -0.00822267 0.8357756 -0.01193559 -0.5488799
2.028947 0.2735735 1.399414 -0.009728938 0.8356957 -0.01426914 -0.5489211
2.028092 0.2734397 1.398911 -0.01083899 0.8355145 -0.0161002 -0.5491256
2.024797 0.2725572 1.39815 -0.0130899 0.8352804 -0.01971385 -0.5493148
2.02343 0.2723848 1.397558 -0.01533115 0.8351068 -0.02316582 -0.5493861
2.022232 0.2722572 1.397047 -0.01702455 0.8350986 -0.0255343 -0.5492435
2.020962 0.271461 1.396534 -0.01916695 0.8349051 -0.02863309 -0.5493143
2.019414 0.2711921 1.395839 -0.0208261 0.8347358 -0.031485 -0.5493553
2.01767 0.2708235 1.395057 -0.0227792 0.834645 -0.03519544 -0.5491905
2.015815 0.2696268 1.394225 -0.02521291 0.8342291 -0.03953314 -0.5494208
2.013769 0.2690307 1.393273 -0.02734816 0.8337548 -0.04331699 -0.5497532
2.01159 0.2683659 1.392183 -0.02985564 0.8333732 -0.04776314 -0.5498332
2.010065 0.2669319 1.391443 -0.03236574 0.8329129 -0.05199809 -0.5500042
2.007837 0.266178 1.390371 -0.03477317 0.8326426 -0.05606909 -0.5498667
2.005465 0.2654321 1.38922 -0.03769303 0.8323689 -0.060783 -0.5495879
2.004077 0.2639135 1.388299 -0.03996137 0.8323318 -0.06433258 -0.5490795
2.002029 0.2631406 1.387182 -0.04226679 0.8322154 -0.06827142 -0.5486073
1.999953 0.2623729 1.386059 -0.04461563 0.832031 -0.07217636 -0.5482011
1.998274 0.2610475 1.385032 -0.04674929 0.8316954 -0.07591523 -0.5480275
1.996097 0.2601555 1.383932 -0.04909981 0.831086 -0.08017034 -0.5481405
1.994166 0.2593209 1.382983 -0.0511624 0.8308347 -0.08366514 -0.5478104
1.993725 0.2578094 1.382405 -0.0531551 0.8305597 -0.08708311 -0.547505
1.991678 0.2569195 1.381432 -0.05554256 0.8299301 -0.09100547 -0.5475848
1.989738 0.2560825 1.380551 -0.05775011 0.8294737 -0.09451844 -0.5474529
1.989777 0.2547165 1.380293 -0.05975354 0.8291217 -0.0977856 -0.5471971
1.987961 0.2538911 1.379497 -0.0620238 0.8287539 -0.1013066 -0.546861
1.986281 0.2530991 1.378787 -0.06382906 0.828442 -0.1042604 -0.5465707
1.985814 0.2513632 1.378214 -0.06566108 0.8279819 -0.1072391 -0.5464745
1.984203 0.2506094 1.377592 -0.06769052 0.8276302 -0.1101356 -0.5461836
1.982789 0.2499238 1.377091 -0.06908367 0.8273166 -0.1119785 -0.5461095
1.983372 0.2486076 1.377593 -0.07081921 0.8268468 -0.1142317 -0.546132
1.981808 0.2479667 1.377127 -0.0728446 0.8264092 -0.116825 -0.5459794
1.98037 0.2473994 1.376745 -0.07438389 0.8260648 -0.1186113 -0.5459078
1.980767 0.2462922 1.376871 -0.07571978 0.8258541 -0.1201713 -0.5457017
1.979479 0.2456966 1.376493 -0.07668231 0.8254301 -0.1216125 -0.5458896
1.978099 0.2450159 1.376044 -0.07780696 0.8248549 -0.1235475 -0.5461653
1.977113 0.2442078 1.375245 -0.07899398 0.8245284 -0.1254332 -0.5460581
1.975903 0.2435712 1.374841 -0.07988867 0.8242979 -0.1267677 -0.5459677
1.974504 0.242866 1.3744 -0.08148823 0.8239817 -0.12913 -0.545655
1.973958 0.2418165 1.373806 -0.08244455 0.8238131 -0.1306604 -0.5454016
1.972785 0.241153 1.373437 -0.08324451 0.8235267 -0.1319866 -0.5453932
1.971594 0.2404648 1.373076 -0.08436502 0.8232245 -0.1338699 -0.5452182
1.971472 0.2395571 1.372638 -0.08508558 0.8231395 -0.1349297 -0.5449732
1.970481 0.2390072 1.372376 -0.0857431 0.8230004 -0.1357331 -0.5448806
1.969504 0.2384233 1.372096 -0.08629439 0.8227775 -0.1367622 -0.5448732
1.969638 0.2375538 1.371806 -0.08671252 0.8225722 -0.1376828 -0.5448847
1.968774 0.2370069 1.371553 -0.08712563 0.8224391 -0.1385548 -0.5447987
1.967963 0.2364101 1.371284 -0.08737303 0.8222163 -0.1393771 -0.5448857
1.968336 0.2358023 1.370887 -0.0880344 0.821886 -0.1406412 -0.5449527
1.96749 0.2352546 1.370619 -0.08880115 0.8217121 -0.1419087 -0.5447618
1.966717 0.2347361 1.37035 -0.08914438 0.8214719 -0.1426027 -0.5448868
1.965779 0.2348902 1.36934 -0.08977935 0.8211796 -0.1436618 -0.5449451
1.965144 0.2345514 1.369173 -0.09007204 0.8211278 -0.1441115 -0.544856
1.964628 0.2343521 1.369109 -0.09008348 0.8211773 -0.1438283 -0.5448543
1.965309 0.2341089 1.368927 -0.09025705 0.8211539 -0.1439764 -0.5448217
1.964905 0.2339361 1.368936 -0.09016217 0.8210767 -0.1438417 -0.5449893
1.96471 0.2338296 1.369035 -0.08973477 0.8212482 -0.1430402 -0.5450125
1.965543 0.2334145 1.368995 -0.08923078 0.821308 -0.1423769 -0.5451788
1.965504 0.2331773 1.369188 -0.08811415 0.8212731 -0.1409587 -0.5457811
1.965671 0.2329452 1.36947 -0.08652124 0.8214446 -0.1391708 -0.5462364
1.967279 0.2328091 1.369783 -0.08504976 0.8217241 -0.1375883 -0.5464482
1.96776 0.2328 1.370415 -0.08311958 0.8221862 -0.1350655 -0.5466794
1.96837 0.232928 1.371176 -0.08109737 0.8227285 -0.1321146 -0.5468883
1.970827 0.2335491 1.372333 -0.07940143 0.823334 -0.1293982 -0.5468753
1.971677 0.2338181 1.373177 -0.07723993 0.8240023 -0.1262455 -0.5469153
1.972679 0.23422 1.374124 -0.07458103 0.824752 -0.1222793 -0.5470555
1.982088 0.2364577 1.375658 -0.07191289 0.8251372 -0.1185938 -0.5476429
1.983144 0.2368898 1.376458 -0.06953288 0.8254591 -0.1151972 -0.5481899
1.984276 0.2373922 1.377313 -0.06731627 0.8257321 -0.1117114 -0.5487765
1.987546 0.2394377 1.378609 -0.06476624 0.8267877 -0.1069454 -0.5484433
1.98913 0.2401324 1.379673 -0.06235904 0.8277792 -0.1026057 -0.5480557
1.99052 0.2407203 1.380643 -0.06022818 0.828562 -0.09895959 -0.5477816
1.992549 0.2420233 1.381508 -0.0581097 0.8295534 -0.09527511 -0.5471628
1.993702 0.2425659 1.382249 -0.05610613 0.8303115 -0.09189857 -0.5467994
1.994464 0.2430061 1.382821 -0.0548837 0.8306844 -0.08973675 -0.5467161
1.99567 0.2437674 1.38352 -0.05410797 0.8310148 -0.08794535 -0.5465825
1.99626 0.2442538 1.384063 -0.05334545 0.8312184 -0.08591997 -0.5466699
1.996995 0.2448366 1.384731 -0.05238358 0.8317755 -0.08343851 -0.5462999
1.998883 0.2457732 1.385466 -0.05118642 0.8322014 -0.08070988 -0.5461746
1.999802 0.2463668 1.386204 -0.04953325 0.8325824 -0.07770846 -0.5461817
2.000769 0.2468799 1.386892 -0.04771251 0.8329312 -0.07487179 -0.5462082
2.002852 0.2477293 1.38767 -0.04625541 0.833095 -0.07284101 -0.5463583
2.003385 0.2479373 1.388041 -0.04524565 0.833025 -0.07181375 -0.5466856
2.003609 0.2479884 1.388225 -0.04490421 0.8329976 -0.07172704 -0.5467668
2.005659 0.2486497 1.388326 -0.04484392 0.8329755 -0.0719858 -0.5467713
2.005547 0.2484593 1.388306 -0.04484669 0.8330236 -0.07235872 -0.5466486
2.005179 0.2481814 1.388181 -0.04525313 0.8328156 -0.07328298 -0.5468089
2.005753 0.2483296 1.388577 -0.04537478 0.8326061 -0.07377938 -0.5470511
2.005347 0.2480908 1.388437 -0.04585806 0.8323657 -0.07474884 -0.547245
2.004994 0.2479643 1.388374 -0.04633278 0.8322195 -0.07555155 -0.5473171
2.005889 0.2483099 1.388896 -0.04625854 0.8322449 -0.07550921 -0.5472906
2.005709 0.2483429 1.389062 -0.0466806 0.8322627 -0.07593534 -0.5471687
2.005632 0.2484041 1.389268 -0.04669426 0.8323206 -0.07579075 -0.5470995
2.007217 0.2494254 1.39014 -0.04653576 0.8322288 -0.07570042 -0.5472652
2.006936 0.2494971 1.390199 -0.0470579 0.8320779 -0.07643159 -0.5473484
2.006715 0.2496308 1.390333 -0.0473046 0.831968 -0.0766448 -0.5474643
2.006939 0.249819 1.390507 -0.04743669 0.8319171 -0.0766191 -0.5475338
2.006809 0.2500096 1.390739 -0.0479374 0.8320597 -0.07683025 -0.5472438
2.00684 0.2502285 1.391024 -0.04802775 0.8322415 -0.07640208 -0.5470194
2.006891 0.2503018 1.391306 -0.04801447 0.8321346 -0.07613922 -0.5472198
2.006863 0.2504361 1.391508 -0.04807085 0.831951 -0.07613236 -0.5474948
2.006989 0.2506227 1.391752 -0.04770568 0.831987 -0.07561352 -0.5475441
2.007246 0.2507945 1.391911 -0.04753095 0.83202 -0.07521494 -0.5475639
2.007219 0.2509496 1.392055 -0.04769514 0.8319687 -0.07516699 -0.5476343
2.007276 0.2510605 1.392138 -0.0477635 0.8321101 -0.07496933 -0.5474405
2.007417 0.2510417 1.392063 -0.04737407 0.8323024 -0.07450576 -0.5472453
2.007555 0.2509976 1.392059 -0.04695335 0.8324519 -0.07432526 -0.5470786
2.007638 0.2509942 1.392058 -0.04691375 0.8326666 -0.07433804 -0.5467535
2.007857 0.2510886 1.391983 -0.04676479 0.8329915 -0.07379959 -0.546344
2.008018 0.2511792 1.391993 -0.04646757 0.8332046 -0.07325178 -0.5461181
2.007994 0.2512305 1.391999 -0.04647348 0.8331152 -0.07332978 -0.5462437
2.008066 0.2513157 1.392094 -0.04587508 0.8331869 -0.07247468 -0.546299
2.0084 0.2514856 1.392245 -0.04498544 0.833393 -0.0711496 -0.5462328
2.008674 0.2516329 1.392284 -0.04409942 0.8334156 -0.07007588 -0.5464094
2.008586 0.2517309 1.392236 -0.04369366 0.8332675 -0.06974827 -0.5467095
2.008604 0.2517991 1.392163 -0.04368025 0.8332509 -0.06974686 -0.5467362
2.008674 0.2518932 1.392101 -0.04365662 0.8334867 -0.0694686 -0.546414
2.008461 0.251972 1.392014 -0.04360211 0.8334431 -0.06939841 -0.5464937
2.00841 0.2519232 1.391824 -0.04355938 0.8332929 -0.06943632 -0.5467213
2.008526 0.2519168 1.391734 -0.0432092 0.8334187 -0.06898095 -0.5466149
2.008474 0.2519167 1.391778 -0.04290643 0.8332779 -0.06893577 -0.546859
2.00844 0.2518805 1.391589 -0.04313282 0.8332102 -0.06941178 -0.5468842
2.008768 0.2519652 1.391565 -0.04297749 0.8337219 -0.06890874 -0.5461798
2.008894 0.2520167 1.391545 -0.04316479 0.8340034 -0.06895026 -0.5457298
2.009157 0.2521388 1.391475 -0.04366407 0.8345121 -0.06906331 -0.5448974
2.009641 0.2523052 1.391447 -0.04391483 0.8353978 -0.06853972 -0.5435846
2.009949 0.2523644 1.391264 -0.04437516 0.8361969 -0.06860092 -0.5423095
2.010303 0.2524529 1.390907 -0.04501892 0.8368062 -0.06927412 -0.54123
2.010895 0.2525718 1.39054 -0.0452374 0.8374091 -0.06932136 -0.5402723
2.011322 0.2525975 1.389959 -0.0450978 0.8382372 -0.06871866 -0.5390754
2.012314 0.2527512 1.389449 -0.045189 0.8391778 -0.06853635 -0.5376257
2.013338 0.2529062 1.388779 -0.04523012 0.840075 -0.06843706 -0.5362319
2.014299 0.2530152 1.387776 -0.04517323 0.8412393 -0.06826959 -0.5344297
2.015386 0.2530883 1.386837 -0.04533071 0.8423525 -0.06858461 -0.5326196
2.016517 0.2531174 1.385807 -0.04544213 0.8433521 -0.06898452 -0.530974
2.017585 0.2526941 1.384473 -0.04541281 0.8446597 -0.06912055 -0.5288763
2.019058 0.2526794 1.383433 -0.04548901 0.846057 -0.06940022 -0.5265946
2.020617 0.2526526 1.382376 -0.04536376 0.8473666 -0.06951242 -0.5244808
2.021723 0.252515 1.380887 -0.04519299 0.8486463 -0.06950025 -0.5224239
2.023305 0.2525253 1.379766 -0.04499075 0.8498743 -0.06961105 -0.5204267
2.024923 0.2525771 1.378638 -0.04480886 0.8510137 -0.06968872 -0.5185667
2.026614 0.2525713 1.377465 -0.04460442 0.8524314 -0.06957939 -0.5162655
2.02845 0.2526582 1.376376 -0.04452926 0.8538622 -0.06973398 -0.5138811
2.030222 0.2527344 1.375284 -0.04439783 0.8549542 -0.06981272 -0.5120628
2.031715 0.2525335 1.373995 -0.04417378 0.8559909 -0.06997478 -0.5103251
2.033725 0.2526035 1.373081 -0.04380852 0.8573872 -0.06960565 -0.508058
2.035733 0.2526691 1.372122 -0.04379708 0.8589262 -0.0697675 -0.5054306
2.037564 0.2528667 1.370708 -0.04386449 0.8601892 -0.07042436 -0.5031808
2.039826 0.2529475 1.369599 -0.0433527 0.8615635 -0.06994072 -0.5009363
2.04221 0.2530113 1.368505 -0.04304374 0.8631454 -0.06977763 -0.4982553
2.044552 0.2530333 1.36754 -0.04313028 0.8647841 -0.07007191 -0.4953567
2.047028 0.2530608 1.366463 -0.04299569 0.8664981 -0.069995 -0.4923751
2.049499 0.2530222 1.365322 -0.04279947 0.868144 -0.07005101 -0.4894764
2.051954 0.2531015 1.364267 -0.04276759 0.869673 -0.07036876 -0.4867116
2.054272 0.2530208 1.363076 -0.04265887 0.8710397 -0.07073077 -0.4842182
2.056633 0.2529918 1.361933 -0.04257775 0.8724829 -0.07089875 -0.4815954
2.059348 0.2534217 1.361318 -0.04277712 0.8740759 -0.07129034 -0.4786222
2.061797 0.2534784 1.360377 -0.04279492 0.8755807 -0.07122799 -0.4758714
2.064231 0.2535158 1.359407 -0.04281759 0.8770702 -0.07095307 -0.4731597
2.066519 0.2536049 1.358524 -0.04330933 0.8786643 -0.07145221 -0.4700723
2.068753 0.2535735 1.357464 -0.04384649 0.8801155 -0.07191635 -0.4672283
2.07103 0.2534807 1.356375 -0.04415077 0.8816223 -0.07211892 -0.4643186
2.072819 0.2536018 1.355077 -0.04442024 0.8830805 -0.07261749 -0.4614352
2.075049 0.2534241 1.353864 -0.04472798 0.8844359 -0.07310138 -0.4587252
2.077419 0.2532648 1.352667 -0.04491902 0.8859509 -0.07332518 -0.4557374
2.079803 0.2531492 1.35156 -0.04518402 0.8874714 -0.07364554 -0.4526913
2.082201 0.2530784 1.350404 -0.04535943 0.8889174 -0.07411177 -0.4497508
2.084808 0.2530657 1.349299 -0.04527972 0.890513 -0.07399652 -0.4466105
2.087369 0.2532744 1.34789 -0.04536873 0.8922406 -0.07401185 -0.4431373
2.089998 0.2531322 1.346515 -0.04540244 0.8938265 -0.07461562 -0.4398242
2.092613 0.2529279 1.345023 -0.0451983 0.8952284 -0.07512947 -0.4368969
2.095003 0.2527729 1.34335 -0.04501731 0.8966998 -0.075611 -0.4338039
2.097467 0.2525343 1.341966 -0.04501918 0.8981437 -0.07635359 -0.4306754
2.099963 0.2523402 1.340638 -0.04500002 0.8995745 -0.07686012 -0.42759
2.102803 0.2524815 1.339601 -0.04498208 0.9010847 -0.07706394 -0.4243633
2.105351 0.2523772 1.338293 -0.04503736 0.9025284 -0.0772499 -0.4212442
2.107859 0.2522446 1.336911 -0.04511011 0.9038996 -0.07752786 -0.4182345
2.110573 0.2524247 1.335986 -0.04546363 0.9053833 -0.07793357 -0.4148982
2.112908 0.2523289 1.334728 -0.04589934 0.9068682 -0.07847608 -0.411491
2.1151 0.2521833 1.333452 -0.04607913 0.9080092 -0.07893827 -0.4088579
2.117332 0.2526711 1.33271 -0.04610527 0.9091562 -0.07907221 -0.406272
2.119581 0.2525899 1.331618 -0.04613227 0.9105841 -0.07913938 -0.4030451
2.121662 0.2524819 1.330414 -0.04633508 0.9118041 -0.07966534 -0.4001497
2.123744 0.2525058 1.329231 -0.04630741 0.9128879 -0.08009678 -0.3975874
2.125801 0.2523437 1.327997 -0.04606104 0.9140186 -0.08021159 -0.3949866
2.127718 0.2522253 1.326798 -0.04607055 0.9151621 -0.0807524 -0.3922179
2.129497 0.2524231 1.32625 -0.04596922 0.9162798 -0.08104875 -0.3895501
2.13124 0.2523958 1.325226 -0.0457311 0.9172335 -0.08073356 -0.3873931
2.132731 0.2523881 1.324251 -0.04567379 0.9180993 -0.08077928 -0.385334
2.134248 0.2529701 1.324558 -0.04576397 0.9189515 -0.08085671 -0.3832701
2.135369 0.2530054 1.323813 -0.04586521 0.9197783 -0.08063454 -0.3813167
2.136285 0.2529366 1.323021 -0.04596359 0.9204954 -0.08079446 -0.3795365
2.136654 0.2532254 1.322606 -0.04597286 0.9210197 -0.08092237 -0.3782338
2.137161 0.253069 1.321727 -0.04581422 0.9214754 -0.08110441 -0.3771025
2.137445 0.2529392 1.320768 -0.04594967 0.921807 -0.08184657 -0.3761139
2.13607 0.253577 1.320707 -0.04642529 0.9220827 -0.08229194 -0.3752816
2.136185 0.2536696 1.320194 -0.04654244 0.9224536 -0.0819278 -0.3744343
2.136194 0.2537512 1.319741 -0.04664091 0.922655 -0.08169889 -0.3739753
2.135625 0.2543798 1.320022 -0.04691393 0.9228393 -0.08168481 -0.3734893
2.135562 0.2544553 1.319739 -0.04688484 0.9231027 -0.08108275 -0.3729731
2.135303 0.2544558 1.319333 -0.04685483 0.9231826 -0.08104385 -0.3727874
2.134011 0.2549131 1.3195 -0.04684192 0.9231061 -0.08167129 -0.3728414
2.133518 0.2549055 1.319117 -0.04666683 0.9229558 -0.08151957 -0.3732686
2.132986 0.2549452 1.318854 -0.04679347 0.9228504 -0.08129661 -0.3735618
2.131151 0.2555955 1.319676 -0.04723591 0.9226977 -0.08130444 -0.3738813
2.130456 0.2556148 1.31948 -0.0474701 0.9224484 -0.08099791 -0.3745328
2.129724 0.2555724 1.319232 -0.0474796 0.9221367 -0.08089909 -0.3753199
2.127457 0.256023 1.319813 -0.04750616 0.9216968 -0.08098084 -0.376378
2.126491 0.2559376 1.319566 -0.04743755 0.9212304 -0.08111791 -0.3774971
2.125534 0.2558331 1.319371 -0.04725513 0.9207762 -0.0810886 -0.3786327
2.123119 0.2561849 1.320002 -0.04738123 0.9202962 -0.08113331 -0.3797726
2.121881 0.2561442 1.319914 -0.04749218 0.9196789 -0.08111786 -0.3812548
2.120573 0.2560772 1.319837 -0.04754368 0.9190455 -0.08099908 -0.3827978
2.1185 0.2564205 1.321081 -0.0479391 0.9183868 -0.08124764 -0.3842738
2.117056 0.2563072 1.320994 -0.04808975 0.917649 -0.08112928 -0.3860387
2.115571 0.2560864 1.320876 -0.04786552 0.9168062 -0.08086421 -0.388119
2.113286 0.2563121 1.321283 -0.04778106 0.9157917 -0.08125748 -0.3904355
2.11153 0.2560809 1.321168 -0.04778517 0.9148083 -0.08138084 -0.3927079
2.109741 0.2558877 1.321151 -0.04791296 0.9138989 -0.08124457 -0.3948322
2.107342 0.2559824 1.321953 -0.04824812 0.9130009 -0.08172581 -0.3967651
2.105506 0.2558367 1.32212 -0.048239 0.9120979 -0.08156643 -0.3988702
2.10357 0.2557057 1.322218 -0.04827914 0.911027 -0.08143503 -0.4013321
2.100799 0.2558664 1.322434 -0.04853588 0.9099059 -0.08188361 -0.4037458
2.098858 0.2558273 1.322532 -0.04853529 0.9088417 -0.08146831 -0.4062192
2.096779 0.2557661 1.322633 -0.04855681 0.907681 -0.08133348 -0.4088304
2.094062 0.2557573 1.323016 -0.04861892 0.9064209 -0.08175123 -0.4115267
2.091884 0.2557351 1.323281 -0.04854634 0.9051265 -0.08133896 -0.4144554
2.089629 0.2557048 1.323574 -0.04854649 0.90372 -0.08103737 -0.417572
2.086983 0.2558432 1.324291 -0.04839791 0.9021791 -0.08102753 -0.4209099
2.084663 0.2557817 1.32463 -0.04813466 0.9007193 -0.08075354 -0.4241068
2.082267 0.2557092 1.324951 -0.04799438 0.8992277 -0.08081772 -0.4272641
2.079615 0.2562319 1.325888 -0.04796911 0.8974473 -0.08088333 -0.4309816
2.077128 0.2562223 1.326304 -0.04784048 0.8956442 -0.08038644 -0.4348227
2.074585 0.256226 1.32679 -0.0478741 0.8938646 -0.08020171 -0.4384996
2.071955 0.2567125 1.328216 -0.04830132 0.8920485 -0.08032512 -0.4421135
2.069342 0.2567984 1.328903 -0.04847748 0.8902256 -0.07990486 -0.445829
2.066701 0.2568102 1.32953 -0.04846239 0.8882583 -0.0796302 -0.4497863
2.064129 0.2571626 1.330852 -0.0486002 0.8861854 -0.07974745 -0.4538215
2.0614 0.2570863 1.33159 -0.04861689 0.8840442 -0.07957775 -0.4580063
2.058676 0.2569751 1.332445 -0.04853869 0.8818798 -0.07926597 -0.4622218
2.056455 0.2571082 1.334114 -0.04867095 0.8797724 -0.07937789 -0.4661876
2.053629 0.2570335 1.335078 -0.04872674 0.8775567 -0.07925446 -0.4703602
2.050752 0.2569929 1.336153 -0.04870851 0.875182 -0.07882758 -0.4748369
2.048896 0.2574963 1.338888 -0.04884205 0.8727652 -0.07847557 -0.4793089
2.045896 0.2574453 1.340004 -0.0492788 0.8703171 -0.07856064 -0.4836817
2.042823 0.2573697 1.34118 -0.04977224 0.86785 -0.07886562 -0.4879952
2.039788 0.2578817 1.343335 -0.05003235 0.8652933 -0.07907651 -0.4924543
2.037005 0.257883 1.344745 -0.0501085 0.8627903 -0.07880347 -0.4968622
2.034397 0.2579832 1.346307 -0.05018088 0.8604791 -0.0782949 -0.5009266
2.032141 0.2583355 1.348803 -0.05015619 0.8580014 -0.07778931 -0.5052394
2.029587 0.258481 1.350474 -0.05006195 0.8555221 -0.07721848 -0.5095224
2.027122 0.2586131 1.352178 -0.04995406 0.8532112 -0.0767056 -0.5134701
2.025086 0.259045 1.354816 -0.05008117 0.8507007 -0.07636174 -0.5176573
2.022448 0.2590574 1.356519 -0.05015844 0.848101 -0.07615358 -0.5219287
2.019775 0.2590144 1.35823 -0.05029858 0.8455501 -0.07645727 -0.5259937
2.017627 0.2592089 1.360535 -0.05068261 0.8431286 -0.07686303 -0.5297711
2.015335 0.2592549 1.362458 -0.05077095 0.8408474 -0.07641701 -0.5334402
2.013178 0.2592747 1.364374 -0.0508082 0.8385661 -0.07598149 -0.5370775
2.011993 0.2597464 1.366714 -0.05077085 0.8363674 -0.07582265 -0.5405209
2.009887 0.2596657 1.368539 -0.05073512 0.834134 -0.07593361 -0.5439489
2.007706 0.2596073 1.370393 -0.0509337 0.831834 -0.07625452 -0.5473968
2.006721 0.2599556 1.372944 -0.05093479 0.8297822 -0.07606174 -0.5505286
2.004798 0.259968 1.37502 -0.05100999 0.8278106 -0.07597325 -0.5534942
2.002844 0.2599178 1.377096 -0.05116806 0.8257802 -0.07617799 -0.5564763
2.002067 0.2601283 1.379341 -0.05090976 0.8239281 -0.07583977 -0.5592844
2.000231 0.2600613 1.381395 -0.05086298 0.8220415 -0.07570534 -0.5620761
1.998203 0.2599804 1.38338 -0.05122233 0.8200752 -0.07599751 -0.5648693
1.99747 0.2604689 1.385427 -0.05156112 0.818185 -0.07624294 -0.5675402
1.995417 0.260475 1.387418 -0.05178476 0.816184 -0.07624445 -0.5703935
1.993345 0.2604928 1.38942 -0.05188969 0.8141361 -0.07622483 -0.5733058
1.992267 0.2607993 1.391011 -0.05195368 0.8123091 -0.07657597 -0.5758392
1.990337 0.2608139 1.393005 -0.05186826 0.8104674 -0.07659364 -0.5784339
1.988362 0.260853 1.394982 -0.05175474 0.808475 -0.0765982 -0.5812249
1.989333 0.2618212 1.39693 -0.05186415 0.8064138 -0.07682315 -0.584042
1.987496 0.2619868 1.39912 -0.05200839 0.8045865 -0.07660213 -0.586573
1.985656 0.2620712 1.401381 -0.05211914 0.8026652 -0.07666019 -0.5891819
1.986058 0.2633816 1.402716 -0.05210245 0.8005537 -0.07669062 -0.5920454
1.984294 0.2634052 1.404941 -0.05214468 0.7983978 -0.07635039 -0.5949895
1.982348 0.2633508 1.407154 -0.05252744 0.7961339 -0.07654516 -0.597957
1.983875 0.2639459 1.409005 -0.05277983 0.7938029 -0.07722358 -0.6009391
1.981912 0.2638271 1.411182 -0.05296442 0.7912927 -0.07782075 -0.6041478
1.980069 0.2637611 1.413359 -0.05293822 0.7887591 -0.07822543 -0.6074022
1.982823 0.264629 1.415488 -0.05268431 0.786394 -0.07841266 -0.6104591
1.981552 0.2647597 1.417702 -0.05267006 0.7841772 -0.07807612 -0.6133482
1.980383 0.264933 1.419895 -0.05264083 0.7820945 -0.07753883 -0.6160721
1.978033 0.2662934 1.421778 -0.05296976 0.7799807 -0.07753048 -0.6187193
1.976581 0.2663985 1.423795 -0.05333097 0.77788 -0.07781185 -0.6212921
1.975171 0.2664948 1.425717 -0.05359495 0.7758015 -0.07793725 -0.6238473
1.972783 0.2677241 1.427248 -0.0541615 0.7737659 -0.07820795 -0.6262878
1.971537 0.2679165 1.429085 -0.05424563 0.7717118 -0.07820076 -0.6288108
1.970468 0.2681579 1.430971 -0.05408426 0.7697099 -0.07775282 -0.6313287
1.968355 0.2693824 1.432178 -0.05432586 0.7678804 -0.07746566 -0.6335672
1.967243 0.2696091 1.433923 -0.05434272 0.7658784 -0.07718302 -0.6360189
1.966048 0.2697298 1.435573 -0.05441169 0.7638112 -0.07730798 -0.6384789
1.963727 0.2703168 1.436805 -0.05469138 0.7618695 -0.07762334 -0.6407327
1.962608 0.2704877 1.438382 -0.05455834 0.7599343 -0.07744006 -0.6430601
1.961441 0.2706029 1.439961 -0.05453107 0.7579255 -0.07756517 -0.6454139
1.957929 0.2699457 1.441859 -0.05476645 0.755919 -0.07788384 -0.6477046
1.956866 0.2700816 1.443395 -0.05465318 0.7541344 -0.07766018 -0.6498179
1.955769 0.2702619 1.444892 -0.05469868 0.7523244 -0.07749072 -0.6519288
1.951751 0.2695121 1.447111 -0.0550524 0.7506043 -0.07748497 -0.6538796
1.950671 0.2696608 1.44853 -0.0552344 0.7490994 -0.07730746 -0.6556088
1.949632 0.2698419 1.449953 -0.05540195 0.7476238 -0.07701024 -0.6573117
1.947293 0.2693245 1.452428 -0.05560545 0.7460052 -0.07687975 -0.6591462
1.946174 0.2693804 1.453859 -0.05578248 0.7444533 -0.07684644 -0.6608875
1.945071 0.2694429 1.455276 -0.05611856 0.7431143 -0.07683111 -0.6623661
1.942569 0.2687124 1.457416 -0.05637724 0.7416419 -0.07685713 -0.6639894
1.941247 0.268618 1.458795 -0.05646572 0.7398592 -0.07712836 -0.6659364
1.939971 0.2685413 1.460142 -0.05667219 0.7382873 -0.07734073 -0.6676366
1.936694 0.2676683 1.462317 -0.05700875 0.7369133 -0.07724882 -0.6691349
1.93531 0.2675506 1.463748 -0.0572725 0.735213 -0.07742903 -0.6709593
1.933966 0.2674215 1.465164 -0.05723873 0.7334901 -0.07740757 -0.6728477
1.93193 0.2672905 1.467211 -0.05745164 0.7318859 -0.07752255 -0.674561
1.930472 0.2672103 1.468725 -0.05781702 0.7301401 -0.07784013 -0.6763827
1.928869 0.2672216 1.470661 -0.05781463 0.7283043 -0.07753531 -0.6783941
1.927583 0.2671579 1.472222 -0.05771292 0.726662 -0.07729987 -0.6801884
1.926121 0.2670514 1.473785 -0.05810726 0.7249286 -0.0777416 -0.6819518
1.924601 0.2665721 1.475835 -0.05840367 0.7232387 -0.077691 -0.6837243
1.923334 0.2666325 1.477559 -0.05855796 0.7216271 -0.07720259 -0.685467
1.92197 0.2666798 1.479373 -0.05890888 0.7198067 -0.0769097 -0.6873812
1.92062 0.266676 1.481243 -0.0592523 0.7181217 -0.07681001 -0.689123
1.919229 0.2664912 1.483351 -0.05944535 0.7165174 -0.07664037 -0.6907932
1.91787 0.2664258 1.485221 -0.05961607 0.7147934 -0.07662658 -0.6925638
1.916552 0.2663905 1.487086 -0.05979294 0.7130328 -0.07655964 -0.6943685
1.915673 0.2665975 1.489192 -0.05981815 0.7113645 -0.07608659 -0.6961274
1.914474 0.2666471 1.491064 -0.0597334 0.7097026 -0.07565669 -0.6978756
1.913222 0.2666645 1.492882 -0.0597403 0.7080724 -0.07547793 -0.6995482
1.911691 0.2667721 1.494855 -0.05987046 0.7066444 -0.07551873 -0.7009752
1.910529 0.2667243 1.496556 -0.0597689 0.7054235 -0.07549138 -0.7022154
1.909384 0.2666874 1.498195 -0.0597843 0.7042856 -0.07552511 -0.7033517
1.90837 0.2667295 1.499949 -0.05974055 0.7030825 -0.0753955 -0.7045719
1.907277 0.2666848 1.50149 -0.05966894 0.7020683 -0.075346 -0.7055938
1.906137 0.2666312 1.502932 0.05984957 -0.701095 0.07562502 0.7065158
1.905303 0.2666964 1.504558 0.05974618 -0.7002805 0.07541022 0.7073548
1.904403 0.2667691 1.505935 0.05955682 -0.6995829 0.07513062 0.7080905
1.903452 0.2668444 1.50722 0.05947909 -0.6988088 0.07500318 0.7088744
1.90256 0.2669452 1.508834 0.05930695 -0.6982613 0.07479456 0.7094502
1.901553 0.2669118 1.510019 0.0592024 -0.6976254 0.07497215 0.7100655
1.900413 0.2668253 1.511136 0.05921359 -0.6968392 0.0752726 0.7108044
1.899625 0.2670237 1.512161 0.05929872 -0.69636 0.07523492 0.7112708
1.898555 0.2670065 1.51327 0.05953133 -0.6959463 0.07514227 0.711666
1.897431 0.2669543 1.514395 0.06001011 -0.6953717 0.07545648 0.7121541
1.896663 0.2671562 1.5153 0.06012056 -0.6946784 0.07562584 0.7128031
1.895919 0.2672277 1.516376 0.0596292 -0.6940094 0.0751009 0.7135511
1.895133 0.2673066 1.517473 0.05944515 -0.69315 0.07483307 0.7144293
1.894667 0.2676377 1.518179 0.0595707 -0.692579 0.07476643 0.7149794
1.894167 0.2678089 1.519161 0.05944449 -0.6924656 0.07413823 0.7151651
1.893552 0.2678517 1.520004 0.0598077 -0.6922975 0.07426647 0.7152843
1.893126 0.2678883 1.520677 0.05985409 -0.6920968 0.07435885 0.7154651
1.892717 0.2678633 1.521124 0.0595381 -0.6920764 0.07403111 0.7155452
1.892165 0.2677935 1.521392 0.0598391 -0.6921145 0.07434512 0.7154506
1.892126 0.2678764 1.521155 0.06027845 -0.6924742 0.07469267 0.7150294
1.892001 0.2679223 1.521132 0.06012937 -0.6930563 0.07430699 0.714518
1.891893 0.2679608 1.520969 0.06008559 -0.693643 0.07404137 0.7139797
1.89228 0.2679908 1.520334 0.06005871 -0.6941099 0.07405522 0.7135266
1.892094 0.2679408 1.519995 0.05987642 -0.6946707 0.07407857 0.7129936
1.892308 0.2679878 1.519302 0.06000027 -0.6952462 0.07452501 0.7123755
1.892033 0.2679054 1.51891 0.06010023 -0.6957735 0.07491562 0.7118109
1.89179 0.2678412 1.51848 0.06024045 -0.6963063 0.07531562 0.7112356
1.891743 0.2678509 1.517991 0.06009353 -0.6970064 0.07522938 0.7105712
1.892265 0.2680331 1.517032 0.05989591 -0.6979823 0.07509 0.7096441
1.892244 0.2679896 1.516292 0.06015319 -0.6988986 0.07568222 0.7086568
1.892392 0.2679926 1.515382 0.05994258 -0.6999409 0.07549284 0.7076655
1.89301 0.2681568 1.514017 0.0598684 -0.7012953 0.07563633 0.7063142
1.893107 0.2680133 1.512858 -0.06019786 0.702486 -0.07653236 -0.7050052
1.893494 0.2679633 1.511564 -0.05995604 0.7040081 -0.07674867 -0.7034824
1.894553 0.2678747 1.509636 -0.0599151 0.7057745 -0.07724456 -0.7016594
1.895169 0.2677894 1.507948 -0.0599292 0.7075258 -0.07758472 -0.6998546
1.896037 0.2677277 1.506124 -0.05967463 0.7097158 -0.07748161 -0.6976668
1.897324 0.2677315 1.503747 -0.05995539 0.7120517 -0.07806764 -0.695193
1.89824 0.2676811 1.50151 -0.0599995 0.7144601 -0.07854409 -0.6926599
1.89943 0.2676592 1.499109 -0.05955154 0.7171049 -0.07877988 -0.6899333
1.901241 0.2677227 1.496326 -0.059102 0.7197695 -0.07909468 -0.6871556
1.902745 0.2678221 1.49376 -0.05862353 0.722594 -0.079215 -0.6842121
1.904416 0.267951 1.491148 -0.05798123 0.7256147 -0.0791607 -0.6810691
1.906792 0.2681579 1.488387 -0.0576295 0.7286918 -0.07930011 -0.6777895
1.908536 0.2682821 1.48565 -0.057405 0.7318289 -0.0794716 -0.6744001
1.911425 0.2686408 1.482568 -0.05727191 0.7350185 -0.07973293 -0.6709027
1.913424 0.2686925 1.479553 -0.05704406 0.7384099 -0.07988522 -0.6671695
1.915496 0.2686775 1.47646 -0.05650518 0.7416224 -0.08012611 -0.6636137
1.918626 0.2688238 1.47335 -0.05588746 0.7449412 -0.08040681 -0.6599045
1.921004 0.2688735 1.470141 -0.05529619 0.7486212 -0.08037338 -0.6557811
1.923265 0.2689568 1.466912 -0.05509696 0.7521613 -0.08067197 -0.6516977
1.925514 0.269023 1.463686 -0.05485633 0.755529 -0.08091748 -0.6477801
1.928908 0.2693084 1.461015 -0.05441055 0.7591654 -0.08096156 -0.6435469
1.931401 0.2692852 1.457837 -0.05415273 0.7627768 -0.08125148 -0.6392475
1.935127 0.269277 1.454829 -0.05382541 0.7662928 -0.08157525 -0.6350147
1.937708 0.2691717 1.451676 -0.05352778 0.7698261 -0.08203191 -0.6306928
1.940294 0.2690857 1.448576 -0.05338878 0.7732956 -0.08240581 -0.6263968
1.942899 0.2690804 1.445597 -0.05342967 0.7766821 -0.08261649 -0.6221614
1.947108 0.2688612 1.44271 -0.05336145 0.7801923 -0.08255563 -0.6177679
1.949767 0.2689049 1.439937 -0.0533242 0.7835742 -0.08267853 -0.6134593
1.952392 0.2689333 1.437246 -0.05327768 0.7867333 -0.082945 -0.6093705
1.955487 0.268542 1.434934 -0.05293432 0.789908 -0.08271424 -0.6053113
1.958173 0.2685389 1.432413 -0.05266536 0.7929274 -0.08261547 -0.6013878
1.960788 0.2685075 1.429902 -0.05246246 0.7960232 -0.08269695 -0.5972905
1.963433 0.2682933 1.427734 -0.05243042 0.798985 -0.08309224 -0.5932704
1.965903 0.2682027 1.425257 -0.05229903 0.8017654 -0.08337877 -0.5894786
1.968428 0.2681102 1.422893 -0.05195934 0.8045286 -0.08345974 -0.5857205
1.970576 0.2677217 1.421029 -0.05172516 0.8071525 -0.08381551 -0.5820692
1.97306 0.2676677 1.418907 -0.05124635 0.809598 -0.08362189 -0.5787334
1.975461 0.2676144 1.416935 -0.05083872 0.8119813 -0.08368658 -0.5754114
1.977675 0.2672368 1.416023 -0.05022717 0.8141748 -0.08368746 -0.5723575
1.979677 0.2672659 1.414342 -0.04980123 0.815976 -0.08369745 -0.5698227
1.981497 0.2673947 1.412828 -0.04964057 0.8175877 -0.0837728 -0.5675107
1.983504 0.2674373 1.412318 -0.04931813 0.8193358 -0.08328083 -0.5650848
1.985205 0.2675764 1.411147 -0.04927668 0.8209683 -0.08310967 -0.5627394
1.986749 0.2675918 1.409966 -0.04931477 0.8223466 -0.08314999 -0.5607141
1.98814 0.2671817 1.409244 -0.04893637 0.8235836 -0.0831119 -0.5589345
1.989454 0.2670391 1.408075 -0.04861835 0.8244288 -0.08342685 -0.5576678
1.990695 0.2670273 1.407107 -0.04874039 0.8253366 -0.08374166 -0.5562655
1.991838 0.2665788 1.407004 -0.04857898 0.8265249 -0.08344213 -0.5545576
1.993076 0.2667493 1.406442 -0.04828361 0.8271738 -0.08276953 -0.5537159
1.994105 0.2668985 1.406049 -0.04809649 0.827636 -0.08230927 -0.5531099
1.994651 0.2668342 1.406108 -0.04787848 0.8281278 -0.08217541 -0.5524122
1.995403 0.2669231 1.405977 -0.04767937 0.8284648 -0.08180132 -0.5519795
1.995966 0.2669677 1.405828 -0.04759878 0.8285521 -0.08161481 -0.551883
1.995938 0.2668088 1.405907 -0.04730875 0.8283145 -0.08145668 -0.5522879
1.996301 0.2668939 1.405909 -0.04682961 0.8279746 -0.08090187 -0.5529195
1.996576 0.267086 1.406052 -0.04681444 0.8277835 -0.08072607 -0.5532326
1.99638 0.2671842 1.406812 -0.04645273 0.8277276 -0.08010574 -0.5534368
1.99685 0.2675508 1.407019 -0.04593754 0.8275524 -0.0793731 -0.5538471
1.997411 0.2679839 1.407264 -0.04526723 0.8273938 -0.07847073 -0.5542677
1.997194 0.2682742 1.408229 -0.04444209 0.8272613 -0.07738297 -0.5546851
1.99767 0.2687807 1.408529 -0.04397264 0.8271416 -0.0765147 -0.5550213
1.998158 0.2693393 1.408814 -0.04331025 0.8270333 -0.07540131 -0.5553871
1.998066 0.2696663 1.410259 -0.04273537 0.8267864 -0.07459398 -0.555908
1.998478 0.270312 1.410614 -0.04211709 0.8266452 -0.07358591 -0.5562995
1.998988 0.2710276 1.411065 -0.04141453 0.8266739 -0.07208044 -0.5565066
1.999014 0.2715198 1.412158 -0.04100871 0.8268169 -0.07087638 -0.5564789
1.999363 0.2722194 1.41249 -0.04096016 0.8268063 -0.07028104 -0.5565736
1.999979 0.2729775 1.412898 -0.04038495 0.8269008 -0.06900161 -0.5566354
2.000157 0.2734718 1.413959 -0.0394975 0.8271634 -0.06750526 -0.5564924
2.00095 0.2742343 1.414435 -0.0387756 0.8272045 -0.06627248 -0.5566303
2.001943 0.275022 1.415039 -0.0374338 0.8272492 -0.06425865 -0.5568916
2.001896 0.2754306 1.416729 -0.03621012 0.8272434 -0.06221768 -0.5572128
2.002653 0.2761706 1.417386 -0.0353002 0.8271526 -0.06061615 -0.5575826
2.003403 0.2768731 1.418011 -0.03430939 0.8270869 -0.05892745 -0.5579227
2.003408 0.2772896 1.419122 -0.03348726 0.8271483 -0.0573698 -0.558044
2.004197 0.2779838 1.419694 -0.03257892 0.827341 -0.05567113 -0.5579841
2.004833 0.2786379 1.420137 -0.03173405 0.8272637 -0.05445123 -0.5582678
2.004892 0.2789913 1.420736 -0.03073535 0.8273764 -0.05329618 -0.558268
2.005759 0.2797376 1.42124 -0.02935434 0.8274202 -0.05149863 -0.5584461
2.006726 0.2805313 1.421819 -0.02781373 0.8274208 -0.04923826 -0.5587279
2.006934 0.2809133 1.42288 -0.02628481 0.827592 -0.04677022 -0.5587604
2.007901 0.2816344 1.423413 -0.02481193 0.8278443 -0.0444009 -0.5586472
2.008563 0.2822733 1.4238 -0.02404445 0.8280451 -0.04328063 -0.558471
2.009006 0.2823735 1.424029 -0.02336133 0.828212 -0.04227218 -0.5583298
2.009602 0.2830495 1.424347 -0.02248332 0.8283796 -0.04080162 -0.5582266
2.010155 0.283809 1.424619 -0.0214831 0.82833 -0.03910631 -0.5584609
2.010842 0.2834206 1.423945 -0.0204649 0.8283486 -0.03723526 -0.5585995
2.011572 0.2843434 1.424229 -0.01938182 0.8284889 -0.03504619 -0.5585718
2.012361 0.2852175 1.424508 -0.01802892 0.8284956 -0.03298223 -0.5587327
2.012643 0.2856992 1.424642 -0.01676828 0.8286502 -0.03105244 -0.5586532
2.013894 0.2867035 1.425131 -0.01491392 0.8291337 -0.02763736 -0.5581676
2.015007 0.2877476 1.425607 -0.01340658 0.8295639 -0.0243499 -0.5577195
2.015492 0.2883016 1.425743 -0.01289153 0.8297827 -0.02275938 -0.5574733
2.016254 0.2892935 1.426108 -0.01204854 0.8301169 -0.02079687 -0.5570711
2.017064 0.290232 1.426447 -0.0109956 0.8303728 -0.0187859 -0.5567831
2.017621 0.2906598 1.42732 -0.009988815 0.8306458 -0.0167518 -0.5564595
2.018748 0.2915539 1.42781 -0.008707375 0.8310289 -0.0142164 -0.5559793
2.019993 0.2924051 1.428325 -0.007166237 0.8313566 -0.01166412 -0.5555706
2.021221 0.2928752 1.428807 -0.004901082 0.8316873 -0.008401365 -0.5551592
2.022571 0.2936404 1.429314 -0.002927691 0.8318839 -0.005589992 -0.5549139
2.023792 0.2944435 1.42977 -0.001350135 0.8320337 -0.003411383 -0.554713
2.025061 0.2950946 1.430293 0.0005653501 0.8321312 -0.0004872978 -0.5545784
2.026365 0.2959586 1.430991 0.00240472 0.8321068 0.002500028 -0.5546047
2.027608 0.2968698 1.431784 0.003697962 0.832078 0.005052954 -0.5546234
2.028443 0.2980446 1.432495 0.004860133 0.8322152 0.007915945 -0.554375
2.029856 0.299017 1.433518 0.005968661 0.8326301 0.0108631 -0.5536909
2.031109 0.2998973 1.43439 0.006964624 0.8327007 0.01331097 -0.5535195
2.031226 0.3014551 1.434921 0.008019448 0.8325322 0.01553729 -0.5537006
2.032481 0.3022918 1.435774 0.009407849 0.8323497 0.01829699 -0.5538688
2.033926 0.3031161 1.436723 0.01123953 0.8322526 0.02155885 -0.5538633
2.033976 0.3043861 1.436655 0.01316339 0.8320214 0.024703 -0.554037
2.035089 0.3051876 1.437509 0.01473707 0.8318407 0.02736413 -0.5541436
2.035957 0.3059836 1.438078 0.01664859 0.8318115 0.03052762 -0.553968
2.036927 0.3067225 1.438823 0.01816562 0.8317041 0.03316611 -0.55393
2.037616 0.3075289 1.439373 0.01865488 0.8317109 0.03443775 -0.5538258
2.038579 0.308338 1.439946 0.01982013 0.8319068 0.03678543 -0.55334
2.039272 0.3093558 1.440161 0.02144524 0.8320143 0.03966162 -0.5529188
2.040234 0.310122 1.440603 0.02284715 0.8319198 0.04190451 -0.5528394
2.041331 0.3108531 1.441127 0.024766 0.8316513 0.04465371 -0.5529455
2.042623 0.3115721 1.44173 0.02712899 0.8317232 0.04838005 -0.5524129
2.043865 0.3124815 1.442489 0.02892524 0.8320822 0.05189411 -0.5514614
2.044971 0.3130472 1.44269 0.03056759 0.8322102 0.05520943 -0.5508572
2.0458 0.3138329 1.443084 0.03232393 0.8320551 0.05835851 -0.5506666
2.046528 0.3144723 1.443319 0.03401831 0.8320626 0.06115916 -0.5502492
2.047305 0.3152378 1.443445 0.03532288 0.8321726 0.06346024 -0.5497398
2.047699 0.3157277 1.443433 0.03656334 0.8321415 0.06528433 -0.5494922
2.048093 0.3161339 1.443358 0.03799066 0.8318291 0.06715856 -0.5496425
2.048762 0.3165112 1.443362 0.04006657 0.8315423 0.06979191 -0.5496009
2.050105 0.3170196 1.443536 0.04284066 0.8311598 0.0731634 -0.5495318
2.050742 0.3175777 1.443495 0.04489449 0.8305764 0.07582525 -0.549889
2.051338 0.3183274 1.443458 0.04637552 0.8302699 0.07807315 -0.5499143
2.05393 0.3198758 1.444891 0.04811234 0.8302154 0.08158997 -0.5493366
2.054807 0.3208811 1.445297 0.0496172 0.8300899 0.08511616 -0.5488573
2.055752 0.3219611 1.445664 0.05044529 0.8298805 0.08778466 -0.548678
2.056459 0.3229126 1.446083 0.05172396 0.8295748 0.09089772 -0.5485142
2.057327 0.3236341 1.446456 0.05367595 0.8291373 0.09444588 -0.5483888
2.058142 0.3243741 1.446645 0.05566907 0.8284618 0.09760734 -0.5486574
2.058873 0.3248682 1.446866 0.05744326 0.8280122 0.1001822 -0.548689
2.059802 0.3252208 1.447092 0.05970026 0.8275559 0.1032419 -0.5485693
2.060756 0.3255579 1.447301 0.06192071 0.8269803 0.106414 -0.5485851
2.061858 0.3260554 1.447668 0.06401423 0.8267576 0.1094225 -0.5480883
2.063116 0.3264024 1.44814 0.06647367 0.8266124 0.1129752 -0.5472932
2.064235 0.3268237 1.448576 0.06864635 0.8262104 0.1163627 -0.5469221
2.064385 0.3280933 1.448863 0.07019112 0.8259479 0.119238 -0.5465031
2.065542 0.3285358 1.449336 0.07234693 0.8257576 0.1228624 -0.5457061
2.066981 0.3289791 1.449831 0.07501633 0.8251697 0.1267885 -0.5453368
2.067713 0.329332 1.449999 0.07690553 0.8243555 0.1295463 -0.5456567
2.068264 0.3296867 1.450083 0.07835681 0.823791 0.1316599 -0.545797
2.068792 0.3299419 1.450153 0.0798162 0.8234496 0.1337966 -0.5455812
2.069694 0.3304047 1.450332 0.0808433 0.8234212 0.1354526 -0.5450636
2.070212 0.3305354 1.450486 0.08197663 0.8233583 0.1369763 -0.5446085
2.070678 0.3306384 1.450612 0.08316482 0.8230566 0.1385657 -0.5444824
2.070874 0.33076 1.450472 0.08381236 0.8228662 0.1394719 -0.5444394
2.071292 0.3308734 1.450613 0.08441173 0.8227712 0.1404354 -0.5442427
2.072089 0.3307971 1.451007 0.0860653 0.8225562 0.1428756 -0.5436733
2.072566 0.3308837 1.451063 0.08759145 0.8220164 0.144867 -0.5437191
2.072968 0.3308818 1.451185 0.08853865 0.821521 0.1460997 -0.5439845
2.073685 0.3307194 1.451438 0.09014613 0.8213413 0.1481169 -0.543446
2.074563 0.330248 1.451563 0.09227396 0.8207768 0.1506535 -0.5432445
2.075003 0.3301815 1.451598 0.09340475 0.8201673 0.1519946 -0.543598
2.075577 0.33027 1.451583 0.09419788 0.8198341 0.1530786 -0.5436597
2.076608 0.3301376 1.452013 0.09594899 0.8194793 0.1558234 -0.5431082
2.077639 0.330112 1.45251 0.09714539 0.8192345 0.1580447 -0.5426229
2.078768 0.330189 1.45304 0.09814645 0.8191015 0.1600711 -0.5420492
2.079729 0.3299748 1.453393 0.1000391 0.8189845 0.1632175 -0.5409406
2.081234 0.3299028 1.454098 0.1019269 0.8186738 0.1662909 -0.5401217
2.082525 0.3299774 1.454655 0.1031858 0.8183659 0.1683369 -0.5397155
2.083845 0.3300246 1.455041 0.1045701 0.8181664 0.1705151 -0.5390671
2.085356 0.3299105 1.455646 0.106198 0.8180609 0.1730845 -0.5380893
2.086677 0.3298794 1.456138 0.107293 0.8180621 0.1747752 -0.5373232
2.087704 0.33022 1.456341 0.1079161 0.8179389 0.1757199 -0.5370779
2.088845 0.3301926 1.456652 0.1088439 0.8177682 0.1769882 -0.536734
2.090217 0.3300618 1.457059 0.1102156 0.8177491 0.178831 -0.5358715
2.092246 0.3305236 1.457335 0.1113369 0.8175263 0.1802788 -0.5354946
2.093538 0.3304828 1.457734 0.1124857 0.8173719 0.1817038 -0.5350084
2.094914 0.3304159 1.458164 0.1137946 0.8171262 0.183432 -0.534517
2.096271 0.3304552 1.458475 0.1149985 0.8168316 0.1850222 -0.5341612
2.097471 0.330478 1.458852 0.1157896 0.8165601 0.1862171 -0.5339903
2.098624 0.3305516 1.459237 0.1162033 0.8164672 0.1871398 -0.5337199
2.099597 0.330709 1.459432 0.1166435 0.8165362 0.1880037 -0.5332143
2.100486 0.3307668 1.459688 0.1167446 0.816479 0.1883196 -0.5331684
2.101326 0.3308548 1.459926 0.1167568 0.8163967 0.1883496 -0.5332811
2.101871 0.331006 1.460027 0.1172694 0.816135 0.1891186 -0.5332971
2.102892 0.3309906 1.460432 0.1177298 0.8158154 0.1898575 -0.5334221
2.103857 0.3310895 1.460887 0.1177898 0.8156782 0.190113 -0.5335276
2.103961 0.331358 1.461001 0.1179651 0.8154845 0.1908269 -0.5335302
2.104849 0.3314599 1.461563 0.1180571 0.8154318 0.191333 -0.5334091
2.105693 0.3315486 1.462085 0.1181923 0.815387 0.1916843 -0.5333215
2.105974 0.331544 1.46219 0.1180553 0.8154182 0.1916927 -0.533301
2.106711 0.3316705 1.462663 0.1179285 0.8153489 0.1918045 -0.5333949
2.107064 0.3317923 1.462979 0.1181375 0.8151039 0.1923375 -0.5335311
2.108002 0.3317843 1.463558 0.1184439 0.8151284 0.1928872 -0.5332273
2.108814 0.3317883 1.464083 0.118593 0.8150645 0.1931181 -0.5332082
2.109507 0.3317986 1.464537 0.1186404 0.8148754 0.1931691 -0.533468
2.110188 0.3320441 1.464845 0.1188498 0.8150437 0.1930947 -0.5331913
2.110857 0.3319593 1.465242 0.1190244 0.8152879 0.1929275 -0.5328395
2.109989 0.3320764 1.465158 0.1188024 0.8151706 0.1923256 -0.5332859
2.110404 0.3321111 1.465447 0.1185808 0.8150264 0.1920657 -0.5336492
2.11096 0.3320526 1.465822 0.1187396 0.8148875 0.1924626 -0.5336829
2.111309 0.3319945 1.466117 0.118777 0.8147538 0.1923323 -0.5339257
2.110359 0.3321212 1.465803 0.1183417 0.8149232 0.1913 -0.5341346
2.110565 0.3320412 1.465974 0.118167 0.8150692 0.1907069 -0.5341626
2.11089 0.3319443 1.46614 0.1181948 0.8150938 0.1905925 -0.5341597
2.109865 0.3320383 1.465657 0.1180434 0.8149879 0.1901958 -0.5344961
2.110418 0.3320233 1.465956 0.118343 0.8148816 0.1905532 -0.5344647
2.109537 0.3321684 1.465742 0.1187518 0.8148711 0.1913279 -0.534113
2.109973 0.3324005 1.466156 0.1186005 0.8149295 0.1914043 -0.5340301
2.11036 0.3326764 1.466513 0.1184565 0.8148654 0.1915998 -0.53409
2.110816 0.3328373 1.466853 0.1184904 0.8149499 0.1920718 -0.5337837
2.109172 0.3329882 1.466547 0.1181811 0.8150961 0.1921145 -0.5336137
2.109217 0.3331286 1.466695 0.1176096 0.8153515 0.1916808 -0.5335059
2.109254 0.3331962 1.466756 0.1173918 0.8153419 0.1915635 -0.5336105
2.108139 0.3332367 1.466094 0.1174769 0.8152394 0.1914761 -0.5337797
2.108257 0.3332789 1.466116 0.1174847 0.8151978 0.1911488 -0.533959
2.108521 0.3333684 1.466193 0.1176782 0.8150501 0.1914397 -0.5340375
2.107694 0.333418 1.465748 0.1177598 0.8151239 0.1917525 -0.5337945
2.107806 0.3336067 1.465787 0.1174831 0.8153701 0.1915167 -0.5335641
2.106799 0.3336689 1.465372 0.1173089 0.8155049 0.1914171 -0.5334322
2.106701 0.3338148 1.465358 0.1170174 0.8155031 0.1911926 -0.5335795
2.106542 0.3339546 1.46527 0.1167753 0.8153993 0.1909664 -0.5338721
2.106305 0.3340747 1.465145 0.1162709 0.8155327 0.190279 -0.5340238
2.107261 0.3339345 1.463592 0.1157886 0.8157961 0.1893432 -0.5340589
2.10687 0.3339766 1.463263 0.1151352 0.816098 0.1881313 -0.5341672
2.106408 0.3340235 1.462816 0.1145805 0.8162736 0.187085 -0.5343856
2.106297 0.3342458 1.462138 0.1136722 0.8162969 0.1853996 -0.5351309
2.10557 0.3342824 1.461476 0.1129448 0.8162897 0.1836416 -0.5359015
2.104888 0.3342586 1.460828 0.1123037 0.816442 0.1820068 -0.5363619
2.104527 0.3343693 1.459885 0.1114871 0.816617 0.1801438 -0.5368944
2.103624 0.3343709 1.459133 0.1103384 0.8170785 0.1778863 -0.5371822
2.102713 0.3342591 1.458325 0.1093755 0.8176036 0.1758016 -0.5372663
2.102157 0.3339517 1.456749 0.1079482 0.817841 0.1729394 -0.5381219
2.100636 0.3339084 1.455757 0.1061651 0.8183158 0.1694081 -0.5388777
2.099321 0.3337834 1.4549 0.1048378 0.8189936 0.1666058 -0.5389816
2.097461 0.3334636 1.453247 0.1035875 0.8192651 0.1642239 -0.5395413
2.095898 0.3334789 1.452299 0.1018883 0.8196008 0.1613023 -0.5402359
2.09426 0.333503 1.451368 0.1000754 0.8200035 0.1581651 -0.540891
2.091989 0.3330812 1.449572 0.09858787 0.820102 0.1555533 -0.5417714
2.09038 0.3330145 1.448731 0.09691272 0.8204264 0.1528303 -0.5423572
2.088679 0.3330064 1.447893 0.09480076 0.8210813 0.1495892 -0.5426431
2.086256 0.3326651 1.446157 0.09257817 0.8217365 0.1461544 -0.5429708
2.084642 0.3325552 1.445327 0.09063656 0.822399 0.1431215 -0.5431034
2.083049 0.3324029 1.444489 0.08867655 0.8230436 0.1400375 -0.5432543
2.080754 0.3318057 1.44288 0.0869934 0.8234717 0.1371128 -0.5436237
2.079247 0.3314463 1.442059 0.08542458 0.8239419 0.1341897 -0.5438892
2.077671 0.3310875 1.441171 0.08364782 0.8244478 0.1307444 -0.5442379
2.075669 0.330485 1.439752 0.08210201 0.8248399 0.1275827 -0.5446293
2.074081 0.3301223 1.438877 0.08053336 0.8252131 0.1244798 -0.5450161
2.072348 0.3297982 1.437978 0.07859359 0.8256032 0.1209054 -0.5455128
2.070303 0.3291651 1.436644 0.07707056 0.8260785 0.1179263 -0.5456628
2.068514 0.3288032 1.435795 0.0751164 0.8265833 0.1143098 -0.5459405
2.066551 0.3284523 1.434925 0.07289886 0.8269737 0.1103723 -0.5464597
2.064344 0.327832 1.433525 0.07096223 0.8274379 0.1068011 -0.5467216
2.06231 0.3273914 1.432604 0.06856541 0.8279529 0.1027236 -0.547029
2.06027 0.3268962 1.431662 0.06626731 0.8283957 0.09875907 -0.5473717
2.058147 0.3260407 1.429737 0.06428491 0.8287799 0.0951751 -0.5476614
2.056386 0.32545 1.428876 0.06232035 0.8293126 0.0918978 -0.5476419
2.055009 0.3248363 1.428177 0.06105065 0.8298842 0.08970308 -0.5472828
2.053615 0.3238666 1.427102 0.05990214 0.8302819 0.0873928 -0.5471803
2.052373 0.323294 1.426506 0.05891499 0.8305885 0.08526581 -0.5471577
2.051108 0.322807 1.425964 0.05782709 0.8308079 0.08338756 -0.5472302
2.049505 0.3221853 1.425079 0.05603769 0.8310717 0.08075949 -0.5474097
2.04785 0.3217988 1.424463 0.05408484 0.8314932 0.07791821 -0.547378
2.046091 0.3213677 1.423824 0.052064 0.8318818 0.07495186 -0.5473977
2.044643 0.3203022 1.42285 0.05024091 0.8321469 0.07193417 -0.54757
2.042872 0.3197226 1.422143 0.04848204 0.8322814 0.06906398 -0.5478936
2.040961 0.3191223 1.421369 0.0465056 0.8322621 0.06581273 -0.5484941
2.039309 0.3181128 1.420336 0.04493487 0.8321648 0.06278844 -0.5491267
2.037555 0.3173928 1.419685 0.04365385 0.8320463 0.06023241 -0.5496956
2.035605 0.3167388 1.418992 0.04182005 0.8320087 0.05694333 -0.5502456
2.034374 0.3157437 1.418188 0.03992325 0.8319179 0.05375435 -0.5508441
2.032237 0.3152117 1.417488 0.03768173 0.8318488 0.05039296 -0.5514238
2.030127 0.3147231 1.416787 0.03520578 0.8320659 0.04674473 -0.5515813
2.029062 0.3138374 1.416178 0.03335527 0.8322017 0.0439885 -0.5517181
2.02719 0.3132399 1.415591 0.03133795 0.8321968 0.04093358 -0.5520787
2.025501 0.3125846 1.415044 0.02958867 0.8323789 0.03812405 -0.552102
2.025053 0.3113666 1.414624 0.02843303 0.8325234 0.03628886 -0.5520684
2.023729 0.3106192 1.414192 0.02720529 0.8327897 0.03413126 -0.5518661
2.02246 0.3098384 1.413659 0.02608722 0.833092 0.03186128 -0.5515995
2.022073 0.3085252 1.412928 0.02518881 0.8331902 0.02969471 -0.5516139
2.020605 0.3076966 1.412189 0.02416262 0.8331848 0.02700362 -0.5518063
2.01898 0.3069403 1.411358 0.02273858 0.8331653 0.02377191 -0.5520447
2.018153 0.3059268 1.410554 0.02136189 0.8332027 0.02120334 -0.552148
2.016761 0.305341 1.410009 0.01997253 0.83337 0.01913363 -0.5520232
2.015296 0.3048195 1.409478 0.018287 0.8335353 0.01689696 -0.5519049
2.015511 0.3032609 1.408479 0.01672852 0.8336605 0.01504397 -0.551819
2.014093 0.3026638 1.408007 0.01520625 0.8338041 0.01311291 -0.5516953
2.012595 0.302002 1.407483 0.01352635 0.8339654 0.01074201 -0.5515465
2.012572 0.3007168 1.407047 0.0120433 0.8341047 0.008447231 -0.5514101
2.011084 0.2999286 1.406489 0.01060298 0.8342457 0.005902291 -0.5512595
2.009442 0.2990768 1.405888 0.00905186 0.8342083 0.002873183 -0.5513677
2.009558 0.2975492 1.405401 0.007571429 0.8340558 -3.880263E-05 -0.5516282
2.007943 0.2966571 1.404841 0.00604251 0.8338982 -0.002785683 -0.5518782
2.007591 0.2953702 1.404261 0.00456956 0.8337897 -0.005090564 -0.5520399
2.006057 0.2945292 1.403868 0.002889842 0.8338333 -0.007440001 -0.5519587
2.004326 0.2936935 1.403449 0.0008745492 0.8338969 -0.0102106 -0.5518251
2.002625 0.2927898 1.403029 -0.0007948876 0.8339468 -0.01261428 -0.5517002
2.00113 0.2917267 1.402115 -0.002566576 0.8339863 -0.01530954 -0.5515668
1.999515 0.290863 1.401639 -0.004162074 0.8339243 -0.01779691 -0.5515762
1.998035 0.2900328 1.40121 -0.005577893 0.8338242 -0.01990268 -0.5516431
1.99717 0.288948 1.40051 -0.006773651 0.8339614 -0.02172521 -0.5513534
1.996019 0.2881908 1.400258 -0.007720203 0.8341582 -0.02317855 -0.550984
1.994628 0.2874073 1.399913 -0.008893133 0.8340626 -0.02509416 -0.551027
1.995395 0.2855626 1.398467 -0.009906352 0.8338903 -0.02698997 -0.551181
1.993963 0.2847356 1.3981 -0.01090944 0.8337437 -0.02861372 -0.5513019
1.992288 0.2839317 1.397607 -0.01255918 0.8335627 -0.03095135 -0.5514141
1.99271 0.2823316 1.397313 -0.01430336 0.8334754 -0.0332394 -0.5513704
1.991134 0.2816339 1.397008 -0.01586089 0.8334894 -0.03498337 -0.5511987
1.989601 0.280954 1.396728 -0.01737809 0.8334852 -0.03671602 -0.5510466
1.990003 0.2794027 1.396396 -0.01851714 0.833342 -0.0382889 -0.551119
1.988611 0.2786485 1.396127 -0.01971495 0.8332069 -0.03991452 -0.5511665
1.987246 0.277862 1.395864 -0.02101654 0.833232 -0.0415625 -0.5509586
1.987609 0.2762426 1.395503 -0.02229071 0.8331196 -0.04319883 -0.5509527
1.986131 0.2753656 1.395305 -0.02378786 0.8330109 -0.04479441 -0.550927
1.984493 0.274495 1.395047 -0.02582583 0.8330295 -0.04687381 -0.550634
1.985376 0.2725839 1.395146 -0.0277088 0.832939 -0.0486295 -0.5505272
1.983742 0.27168 1.394889 -0.02939964 0.8327732 -0.05052114 -0.5505199
1.982108 0.2707399 1.394532 -0.03096774 0.8325741 -0.05268618 -0.550532
1.982101 0.2691811 1.394083 -0.03213823 0.832423 -0.054331 -0.5505335
1.980845 0.2682952 1.393803 -0.03304387 0.8323499 -0.05574128 -0.5504496
1.979558 0.2673799 1.393454 -0.03405076 0.8321992 -0.05743152 -0.5504422
1.979293 0.2659582 1.39309 -0.03507966 0.8320465 -0.05914818 -0.5504267
1.978111 0.2650598 1.392776 -0.03592798 0.8320383 -0.06073561 -0.5502115
1.976876 0.2641593 1.392411 -0.03679353 0.8318186 -0.06230809 -0.5503107
1.976689 0.2626081 1.391967 -0.03759051 0.8314708 -0.06368828 -0.5506243
1.975661 0.261749 1.391685 -0.03841138 0.8313163 -0.06507263 -0.5506391
1.974656 0.2610268 1.391485 -0.03932849 0.831224 -0.06620432 -0.5505787
1.974293 0.2596573 1.390892 -0.04041067 0.8310632 -0.06739862 -0.5505983
1.973349 0.259046 1.390756 -0.0415181 0.8309592 -0.06849567 -0.5505374
1.972601 0.2584867 1.390702 -0.04231638 0.8310534 -0.06898113 -0.5502737
1.972546 0.2573112 1.390262 -0.04306633 0.8311549 -0.0698073 -0.5499579
1.971779 0.2566999 1.390133 -0.04384199 0.8311337 -0.07116316 -0.549755
1.971144 0.2561463 1.390012 -0.04441849 0.8311082 -0.07229821 -0.5495991
1.97114 0.2549364 1.389409 -0.04455495 0.8311062 -0.07286657 -0.549516
1.970905 0.2544982 1.389302 -0.04455537 0.8310298 -0.07319189 -0.5495883
1.974983 0.2529953 1.387123 -0.0446159 0.830713 -0.07333336 -0.5500433
1.975033 0.2526444 1.387085 -0.04433656 0.8307844 -0.07320359 -0.5499753
1.9749 0.2522535 1.386961 -0.04452739 0.8307623 -0.07393754 -0.5498952
1.974722 0.2518381 1.386797 -0.0448111 0.8307713 -0.074949 -0.5497215
1.975775 0.2508254 1.386354 -0.04465813 0.8307829 -0.07497294 -0.5497131
1.975785 0.2506009 1.386288 -0.04474688 0.8307108 -0.07510287 -0.5497972
1.977415 0.2498491 1.38647 -0.04475844 0.8306488 -0.07492369 -0.5499144
1.977604 0.2498719 1.386593 -0.04465121 0.8306751 -0.07447831 -0.5499439
1.977721 0.2499347 1.386696 -0.0448961 0.8307465 -0.074512 -0.5498115
1.979221 0.2496598 1.386603 -0.04482359 0.8308155 -0.07418778 -0.5497569
1.979449 0.2496425 1.3867 -0.04457811 0.8308195 -0.07405635 -0.5497885
1.979587 0.2495522 1.386745 -0.04446459 0.8307129 -0.0742531 -0.5499323
1.979733 0.2494496 1.386811 -0.04425985 0.8306333 -0.0741759 -0.5500794
1.980758 0.2488797 1.386759 -0.04427663 0.8304859 -0.07428119 -0.5502864
1.980819 0.248761 1.386786 -0.04410398 0.8303226 -0.07442092 -0.5505278
1.982021 0.2483025 1.386912 -0.04365564 0.8302351 -0.07427561 -0.5507151
1.982012 0.248306 1.386863 -0.04342139 0.8299784 -0.0746062 -0.5510756
1.982079 0.2484053 1.386792 -0.04322717 0.8298651 -0.07458835 -0.5512639
1.983078 0.2481803 1.386777 -0.04318273 0.8300254 -0.07425655 -0.5510708
1.983252 0.2483597 1.386867 -0.04313985 0.830168 -0.07404476 -0.5508879
1.98339 0.2484998 1.386951 -0.04302892 0.8301464 -0.0737014 -0.5509751
1.983461 0.2486002 1.386976 -0.0429914 0.8301244 -0.07344929 -0.5510449
1.984024 0.2482513 1.386858 -0.04313174 0.8302595 -0.07337233 -0.5508406
1.983931 0.2482185 1.386813 -0.04333464 0.8303333 -0.07368232 -0.550672
1.983811 0.248093 1.386683 -0.04328346 0.8302135 -0.07389772 -0.5508277
1.984213 0.2474219 1.386342 -0.04313916 0.8300627 -0.07391813 -0.5510636
1.98411 0.2472763 1.38621 -0.04324293 0.8300835 -0.07420457 -0.5509855
1.984023 0.2471678 1.386113 -0.04352429 0.8302065 -0.07451528 -0.550736
1.984357 0.2464642 1.385806 -0.04367406 0.8303277 -0.0744857 -0.5505456
1.984378 0.2464489 1.385832 -0.04374564 0.8303534 -0.07444342 -0.5505069
1.984667 0.2460622 1.385685 -0.04383999 0.8303145 -0.07420699 -0.5505899
1.984643 0.2461449 1.385767 -0.04402939 0.8303658 -0.07418875 -0.5504999
1.984612 0.2461886 1.385838 -0.04405314 0.8303106 -0.07418338 -0.550582
1.984555 0.2461999 1.385929 -0.04409251 0.8301613 -0.07429623 -0.5507886
1.985054 0.2457619 1.385218 -0.04409352 0.8299956 -0.07426929 -0.5510418
1.985241 0.2457405 1.385352 -0.04394198 0.8300206 -0.07379394 -0.5510802
1.985273 0.2456564 1.385458 -0.04409615 0.830002 -0.07395075 -0.5510749
1.985408 0.245313 1.385099 -0.04422418 0.8297752 -0.07432762 -0.5513554
1.985499 0.2452489 1.385243 -0.04413313 0.8297338 -0.07415468 -0.5514482
1.985608 0.2452201 1.38533 -0.04428065 0.8297215 -0.07425674 -0.5514413
1.98593 0.2450104 1.3849 -0.04436737 0.8296471 -0.0742446 -0.5515477
1.986228 0.2450834 1.384997 -0.04422436 0.8297469 -0.07405131 -0.5514352
1.986672 0.2450547 1.384602 -0.04421762 0.8298027 -0.07400077 -0.5513585
1.986992 0.2451559 1.38457 -0.04419664 0.8298311 -0.07388463 -0.5513331
1.987383 0.2452307 1.384494 -0.04394609 0.8299103 -0.07368615 -0.5512603
1.987782 0.2452317 1.384357 -0.04359156 0.8299165 -0.07349944 -0.551304
1.988038 0.2450706 1.384023 -0.04366887 0.8299315 -0.0735962 -0.5512626
1.988288 0.2450493 1.383849 -0.04383359 0.830059 -0.07381655 -0.5510281
1.988554 0.2448378 1.383435 -0.04391763 0.8301331 -0.07364032 -0.5509333
1.988889 0.2448702 1.38321 -0.04389334 0.8302634 -0.07356273 -0.5507491
1.989218 0.2448743 1.382963 -0.04373369 0.8303421 -0.07368972 -0.5506262
1.989603 0.244909 1.382764 -0.04349101 0.8304591 -0.07354255 -0.5504886
1.990054 0.2446578 1.382445 -0.04346127 0.8304545 -0.07355102 -0.5504969
1.990349 0.2447106 1.382321 -0.04343114 0.8304432 -0.07337034 -0.5505403
1.990568 0.2447618 1.382246 -0.04352606 0.8304185 -0.07318785 -0.5505944
1.990812 0.2444554 1.382157 -0.04361973 0.8303467 -0.07324418 -0.5506877
1.990897 0.2443652 1.382059 -0.04361475 0.830359 -0.07338385 -0.5506511
1.990855 0.2442274 1.381879 -0.04391584 0.8303084 -0.07403093 -0.5506167
1.990715 0.2438107 1.38173 -0.04418129 0.8300822 -0.07462741 -0.550856
1.990627 0.243663 1.381547 -0.04438654 0.829828 -0.07519624 -0.5511451
1.99056 0.2436015 1.38139 -0.04461405 0.8296355 -0.07561583 -0.5513591
1.990528 0.243356 1.381312 -0.04474613 0.8295326 -0.07570346 -0.551491
1.990636 0.2433734 1.381235 -0.04463699 0.8293794 -0.07567848 -0.5517337
1.990898 0.2434209 1.381168 -0.04429954 0.8293236 -0.07531393 -0.5518947
1.991324 0.2433075 1.381007 -0.04404894 0.8291929 -0.07495665 -0.5521596
1.991434 0.2433478 1.380892 -0.04400146 0.8290403 -0.07504085 -0.5523811
1.992297 0.2430621 1.380369 -0.04407281 0.8290143 -0.07496548 -0.5524248
1.992478 0.2430913 1.380258 -0.04418102 0.8291467 -0.0748909 -0.5522274
1.992559 0.2430436 1.380077 -0.04428202 0.8291107 -0.07510922 -0.5522438
1.992604 0.2429788 1.379886 -0.04425708 0.8289845 -0.07531335 -0.5524074
1.992727 0.2426937 1.37981 -0.04424179 0.8288726 -0.07547893 -0.5525538
1.992832 0.2426807 1.379653 -0.04412016 0.8288418 -0.07548798 -0.5526085
1.992999 0.2426976 1.37954 -0.04391971 0.8288518 -0.07537109 -0.5526255
1.99285 0.2427064 1.379367 -0.04381031 0.8286699 -0.07543214 -0.5528986
1.992885 0.2427701 1.379314 -0.04367119 0.8286077 -0.07518353 -0.5530367
1.992864 0.2428578 1.379306 -0.04390302 0.8286891 -0.07529807 -0.5528807
1.992854 0.2426227 1.379408 -0.04409376 0.8286459 -0.07526728 -0.5529346
1.992839 0.2426614 1.379423 -0.04405129 0.8287371 -0.07499363 -0.5528384
1.99276 0.2423379 1.379364 -0.04438949 0.8287292 -0.07545678 -0.5527603
1.992588 0.2423216 1.379313 -0.0444994 0.8285445 -0.07569116 -0.5529962
1.992588 0.2423675 1.379328 -0.04432795 0.8284491 -0.07529932 -0.5532063
1.992625 0.2424461 1.379348 -0.04439152 0.8285114 -0.07518765 -0.5531231
1.992768 0.2423672 1.379364 -0.04449732 0.8285316 -0.07518519 -0.5530846
1.992809 0.2424532 1.379394 -0.04432685 0.8285234 -0.07494963 -0.5531427
1.99306 0.2422456 1.379396 -0.04435948 0.828379 -0.0748662 -0.5533674
1.992988 0.2422436 1.379304 -0.04458556 0.8283257 -0.07516862 -0.5533881
1.992989 0.2421897 1.379157 -0.04455656 0.8282203 -0.07522352 -0.5535407
1.993212 0.2419773 1.378825 -0.04433477 0.8282751 -0.0749758 -0.5535101
