1.761776 0.2864821 3.297619 -0.04908952 0.5045649 -0.03213439 -0.8613779
1.761241 0.2864121 3.297774 -0.04947661 0.5039132 -0.03356383 -0.8616827
1.761214 0.2864381 3.297644 -0.04921807 0.5037842 -0.03349849 -0.8617754
1.761173 0.2865174 3.297521 -0.04942586 0.5039515 -0.03355235 -0.8616636
1.761113 0.2866889 3.297652 -0.04967423 0.5039824 -0.03355926 -0.861631
1.761286 0.2868015 3.297476 -0.04926291 0.5039859 -0.03314591 -0.8616686
1.761522 0.2868317 3.297253 -0.04849632 0.5041363 -0.03273732 -0.8616397
1.761562 0.2868347 3.297458 -0.0484751 0.5038757 -0.0328688 -0.8617883
1.761512 0.2868142 3.297445 -0.04847655 0.5036484 -0.0330539 -0.861914
1.761512 0.2868264 3.297385 -0.04811881 0.503417 -0.03297442 -0.8620723
1.761407 0.2867983 3.297737 -0.04814609 0.5031424 -0.03309626 -0.8622264
1.761387 0.2867904 3.297592 -0.04824634 0.5031751 -0.03334922 -0.862192
1.761498 0.2868235 3.297378 -0.04771982 0.5032148 -0.03316095 -0.8622053
1.761498 0.2868636 3.297515 -0.04742305 0.5032908 -0.03303537 -0.8621823
1.761496 0.2869061 3.297332 -0.0474456 0.503496 -0.03308907 -0.8620591
1.761514 0.2869144 3.297143 -0.04749099 0.5037937 -0.03326044 -0.8618761
1.761642 0.2869876 3.29717 -0.04751941 0.5040855 -0.03326178 -0.8617038
1.761623 0.2869984 3.297036 -0.04784827 0.5043834 -0.0333567 -0.8615077
1.761558 0.2869396 3.296961 -0.04835443 0.5046836 -0.03367844 -0.8612909
1.761614 0.2869063 3.297128 -0.04839618 0.5049174 -0.03363312 -0.8611534
1.761542 0.2868699 3.297067 -0.04842988 0.5049601 -0.0336423 -0.8611261
1.761386 0.2868184 3.297029 -0.04850643 0.5047661 -0.03374377 -0.8612315
1.761315 0.2868172 3.297276 -0.04844923 0.5047914 -0.0336743 -0.8612226
1.761247 0.2868224 3.297186 -0.04834677 0.5048236 -0.03361568 -0.8612118
1.761173 0.2868549 3.297091 -0.04853829 0.5048612 -0.03374118 -0.861174
1.761188 0.2868497 3.297129 -0.04841002 0.5050861 -0.03379342 -0.8610473
1.76139 0.2868316 3.296752 -0.04765465 0.5055245 -0.03351602 -0.8608431
1.761552 0.2868166 3.296384 -0.0472212 0.5061721 -0.03332401 -0.8604938
1.761674 0.2867974 3.296277 -0.04736838 0.5068994 -0.03333766 -0.8600569
1.761655 0.2868145 3.295956 -0.04766547 0.5077565 -0.03327772 -0.8595371
1.761626 0.286839 3.295567 -0.04784987 0.5086355 -0.03313619 -0.8590125
1.761673 0.286806 3.295282 -0.04803202 0.5094321 -0.03314384 -0.8585297
1.761483 0.2867159 3.294888 -0.04820985 0.5100994 -0.0334431 -0.8581119
1.761163 0.2866062 3.294538 -0.04847068 0.5105148 -0.03394533 -0.8578304
1.760794 0.286477 3.294361 -0.04870887 0.5108598 -0.03428739 -0.8575978
1.760477 0.2864195 3.294029 -0.04900296 0.5112425 -0.03459868 -0.8573406
1.760333 0.2863651 3.293604 -0.04882355 0.5117548 -0.03452748 -0.857048
1.76026 0.2862206 3.29332 -0.04866852 0.5122211 -0.03450105 -0.8567792
1.760169 0.2860913 3.292836 -0.04867665 0.5126494 -0.03465405 -0.8565164
1.76017 0.286014 3.292331 -0.04865541 0.5132484 -0.03474418 -0.8561551
1.760096 0.2860664 3.292041 -0.04836587 0.5139288 -0.03451911 -0.8557724
1.760165 0.2861242 3.291459 -0.04829586 0.5146703 -0.03430576 -0.8553392
1.760201 0.2862135 3.290881 -0.04833279 0.5154553 -0.03413338 -0.8548712
1.759993 0.2862319 3.290601 -0.04838057 0.516011 -0.03406098 -0.8545361
1.759679 0.2861449 3.29005 -0.04850455 0.5163164 -0.03439891 -0.854331
1.759399 0.2860138 3.289416 -0.04838666 0.5165756 -0.03474367 -0.854167
1.759319 0.2858542 3.288782 -0.04798629 0.5170944 -0.03479001 -0.8538737
1.759268 0.2857373 3.288003 -0.04773915 0.5179601 -0.034756 -0.8533642
1.759261 0.2856067 3.287227 -0.04767162 0.5190761 -0.03477973 -0.8526886
1.759255 0.285471 3.286592 -0.04786912 0.5202884 -0.0349254 -0.8519324
1.759255 0.2854142 3.285841 -0.04802406 0.5216236 -0.03491375 -0.8511073
1.759237 0.285427 3.285131 -0.04822362 0.5229417 -0.03483075 -0.8502901
1.759205 0.2854187 3.284642 -0.04835804 0.5239749 -0.03470245 -0.8496515
1.759147 0.2854179 3.283896 -0.04841033 0.5250652 -0.03457895 -0.8489802
1.759207 0.2854634 3.283099 -0.04835467 0.5264097 -0.03424543 -0.8481638
1.759185 0.2852782 3.28266 -0.04868779 0.5278209 -0.03418988 -0.8472695
1.759162 0.2852381 3.281842 -0.04888077 0.5290462 -0.03417772 -0.8464944
1.75913 0.2851298 3.281032 -0.04903716 0.5302609 -0.03430516 -0.8457198
1.758908 0.2848695 3.280486 -0.04911344 0.5313053 -0.03474712 -0.8450415
1.758768 0.2846664 3.279672 -0.04888783 0.5319875 -0.03495432 -0.8446168
1.758614 0.2845008 3.278892 -0.04892806 0.5328277 -0.03515602 -0.8440763
1.758519 0.2843339 3.278354 -0.04871358 0.5341049 -0.03508514 -0.843284
1.758617 0.2842498 3.277589 -0.04849345 0.5354888 -0.03504452 -0.8424204
1.758572 0.2841657 3.276858 -0.04880966 0.5367231 -0.03532201 -0.8416045
1.758377 0.2840479 3.276348 -0.04948066 0.5378025 -0.03569737 -0.8408602
1.758247 0.2838697 3.275684 -0.04993007 0.5388583 -0.03606242 -0.8401418
1.758092 0.2836812 3.274995 -0.05007938 0.5397324 -0.03629038 -0.8395618
1.757936 0.2835046 3.274581 -0.05009236 0.5407138 -0.0362617 -0.8389305
1.757921 0.2833385 3.273826 -0.04992783 0.5416501 -0.03622285 -0.8383378
1.757942 0.2831976 3.273028 -0.04961351 0.5425808 -0.03608311 -0.8377605
1.757837 0.2830745 3.272312 -0.04953482 0.5435311 -0.03601128 -0.8371521
1.757817 0.2829996 3.271583 -0.04952092 0.5446774 -0.03600436 -0.8364077
1.757654 0.2829356 3.271004 -0.04988245 0.5453398 -0.03626442 -0.8359433
1.757356 0.2828486 3.270613 -0.05028054 0.5457152 -0.03664464 -0.8356578
1.757205 0.2827652 3.270122 -0.05017575 0.5457875 -0.03684047 -0.8356083
1.757171 0.2826908 3.269705 -0.04997947 0.545695 -0.03696642 -0.8356749
1.75734 0.2827288 3.269448 -0.04963061 0.5458333 -0.03685632 -0.8356102
1.757474 0.282755 3.26914 -0.04935935 0.5457104 -0.03668192 -0.8357142
1.757509 0.2827062 3.268933 -0.04937393 0.5452939 -0.03680718 -0.8359798
1.757485 0.282678 3.26906 -0.04949676 0.5445872 -0.03696352 -0.836426
1.757472 0.2825309 3.269175 -0.04964454 0.5436692 -0.03701141 -0.8370122
1.757619 0.2823038 3.269349 -0.04956406 0.5428781 -0.03672904 -0.8375427
1.757674 0.2819651 3.26989 -0.0499021 0.54199 -0.03664643 -0.8381013
1.757847 0.2815192 3.270274 -0.05040081 0.541352 -0.03676352 -0.8384786
1.758107 0.2810125 3.270737 -0.05093749 0.5408505 -0.03672221 -0.8387715
1.758282 0.2804508 3.271492 -0.05163488 0.5403689 -0.03683305 -0.8390344
1.758404 0.2797627 3.272051 -0.05253971 0.539849 -0.03708619 -0.8393016
1.75848 0.2790415 3.272658 -0.05312629 0.5391517 -0.0370163 -0.839716
1.758179 0.2783819 3.273778 -0.05384669 0.5383556 -0.03707135 -0.8401783
1.75785 0.2776503 3.274662 -0.05544861 0.5373944 -0.03767499 -0.8406625
1.757732 0.2769759 3.27548 -0.05649443 0.5366682 -0.03780377 -0.8410509
1.757559 0.2763665 3.276682 -0.05693378 0.5360602 -0.0374769 -0.8414235
1.757691 0.275676 3.277414 -0.05779809 0.5356753 -0.03737599 -0.8416142
1.75774 0.274965 3.278141 -0.05884222 0.5353199 -0.03724981 -0.8417736
1.757579 0.2742242 3.279189 -0.06022139 0.5350886 -0.03740507 -0.8418162
1.757313 0.2733852 3.27977 -0.06161916 0.5348786 -0.03767279 -0.8418366
1.756981 0.27254 3.280336 -0.06277049 0.5344678 -0.03771806 -0.8420103
1.756481 0.2716843 3.281137 -0.06381644 0.5339825 -0.03797996 -0.8422278
1.75604 0.2707565 3.281743 -0.06500667 0.5333005 -0.03835201 -0.8425521
1.755708 0.2698732 3.282356 -0.06591574 0.5326011 -0.03861577 -0.8429117
1.755297 0.269026 3.283232 -0.06688533 0.5319528 -0.03908185 -0.8432232
1.755055 0.2682621 3.283889 -0.06802526 0.5313348 -0.03942904 -0.8435054
1.754998 0.267508 3.284475 -0.06892265 0.5310752 -0.03970426 -0.843583
1.754842 0.2667716 3.285379 -0.06976757 0.5307561 -0.03996769 -0.843702
1.75469 0.2659598 3.286013 -0.07077893 0.5301293 -0.04032037 -0.843995
1.75445 0.2650337 3.286586 -0.0715471 0.5293908 -0.04086671 -0.8443674
1.754141 0.2640851 3.287545 -0.07183842 0.5283635 -0.0412696 -0.8449664
1.753764 0.2631491 3.28811 -0.07216455 0.5271768 -0.04181701 -0.8456526
1.75321 0.2622607 3.288788 -0.0730179 0.5259437 -0.04270589 -0.8463024
1.752383 0.2614587 3.289977 -0.07445676 0.525004 -0.04388929 -0.8467
1.752064 0.2608274 3.290633 -0.07536658 0.524591 -0.04441324 -0.846848
1.751882 0.2602323 3.29128 -0.07580124 0.5237433 -0.04467607 -0.84732
1.75168 0.2596664 3.292198 -0.07606226 0.5226169 -0.04522401 -0.8479628
1.751781 0.2590553 3.292753 -0.07550168 0.5215629 -0.04540599 -0.8486519
1.751908 0.2585447 3.29372 -0.07514439 0.5202512 -0.04571519 -0.8494717
1.751804 0.2579626 3.294543 -0.07550511 0.5188615 -0.04635689 -0.8502545
1.751754 0.25746 3.295396 -0.07549997 0.5174158 -0.04653037 -0.8511261
1.751651 0.2569161 3.296316 -0.07531526 0.5158675 -0.04662487 -0.8520766
1.751414 0.2563566 3.297618 -0.07583854 0.5142794 -0.04719252 -0.8529584
1.75117 0.2557664 3.298814 -0.07646915 0.5129433 -0.04765207 -0.8536808
1.75105 0.255298 3.299992 -0.07688382 0.5119355 -0.04773915 -0.8542435
1.751151 0.2549814 3.301241 -0.07719488 0.5111377 -0.04759974 -0.8547009
1.751213 0.2547855 3.302372 -0.0773489 0.5102305 -0.04740095 -0.8552398
1.751383 0.254748 3.303483 -0.07742432 0.5092108 -0.0472225 -0.8558503
1.752091 0.2549223 3.304573 -0.07671007 0.5083132 -0.04649574 -0.8564878
1.752637 0.2552313 3.305535 -0.07584561 0.5073702 -0.04575724 -0.8571635
1.753073 0.2555923 3.306556 -0.07528308 0.5060842 -0.04531199 -0.8579965
1.75391 0.2560817 3.307499 -0.07445481 0.5051663 -0.04471657 -0.8586408
1.754643 0.2565736 3.308431 -0.07338112 0.5043472 -0.04383332 -0.85926
1.75534 0.2571157 3.309384 -0.07263193 0.5035937 -0.04295734 -0.8598097
1.756339 0.257829 3.310192 -0.07223567 0.5029742 -0.04212687 -0.8602467
1.757 0.2584556 3.311183 -0.0719163 0.5021832 -0.04123715 -0.8607785
1.757746 0.2590614 3.312079 -0.07127334 0.5015155 -0.04030621 -0.8612652
1.758807 0.2597416 3.312889 -0.07012212 0.5007648 -0.039255 -0.8618448
1.759571 0.2604026 3.313789 -0.06905842 0.4998128 -0.03827313 -0.8625273
1.760179 0.2610371 3.314719 -0.06793647 0.498513 -0.03755939 -0.8633995
1.760824 0.2618229 3.315621 -0.06709899 0.4972481 -0.03715429 -0.8642116
1.761354 0.262525 3.316493 -0.06634367 0.4962292 -0.0367207 -0.8648738
1.761944 0.2632114 3.317202 -0.0653039 0.4954152 -0.03628356 -0.8654379
1.762646 0.2640261 3.317702 -0.06404905 0.4946828 -0.03567225 -0.8659759
1.763238 0.264819 3.318063 -0.06294768 0.4942456 -0.03515217 -0.8663275
1.763753 0.265638 3.318231 -0.0617472 0.4938735 -0.0347451 -0.8666424
1.764286 0.2666975 3.318294 -0.06042548 0.4933648 -0.03396732 -0.8670561
1.764709 0.2678289 3.318227 -0.05903371 0.4931897 -0.03312826 -0.8672839
1.765128 0.2690741 3.318041 -0.05754903 0.4932264 -0.03232539 -0.8673931
1.765517 0.270505 3.317746 -0.05603807 0.493413 -0.0314928 -0.8674166
1.765967 0.2718908 3.317336 -0.05421253 0.4935178 -0.03063014 -0.8675039
1.766395 0.2732803 3.316885 -0.05247991 0.4934019 -0.02982968 -0.8677043
1.766832 0.2746763 3.316126 -0.05047677 0.493347 -0.0287385 -0.8678911
1.767295 0.276097 3.315428 -0.04815154 0.4932888 -0.02743018 -0.8680986
1.767639 0.277439 3.314742 -0.04631913 0.493372 -0.02653811 -0.8681788
1.768031 0.2786513 3.314007 -0.04516308 0.4935924 -0.02593962 -0.8681325
1.768295 0.2798521 3.31338 -0.04404314 0.4939041 -0.0253498 -0.8680302
1.768636 0.2809292 3.312659 -0.04257506 0.4942656 -0.02466485 -0.8679173
1.768939 0.281925 3.311742 -0.04123924 0.4946164 -0.02414912 -0.8677965
1.769086 0.2828263 3.311008 -0.04013169 0.494893 -0.02368948 -0.8677034
1.769099 0.283623 3.310222 -0.03934239 0.4952179 -0.02336487 -0.867563
1.769016 0.28436 3.309295 -0.03869579 0.4955804 -0.02303124 -0.867394
1.768826 0.2849932 3.308398 -0.03840278 0.4960385 -0.02293903 -0.8671476
1.768559 0.2855143 3.307337 -0.03833184 0.4967563 -0.02314672 -0.8667341
1.768146 0.2861084 3.30635 -0.03798215 0.4974452 -0.02291644 -0.8663605
1.767865 0.2866299 3.305085 -0.03762299 0.4983733 -0.02266404 -0.8658493
1.767445 0.2870364 3.30377 -0.0375783 0.4992958 -0.02282319 -0.8653154
1.766583 0.2874826 3.302978 -0.03763061 0.5000188 -0.02308822 -0.8648885
1.766103 0.2878045 3.301505 -0.03737755 0.5009139 -0.02328673 -0.8643761
1.765585 0.2879966 3.299941 -0.0371408 0.5018488 -0.02375498 -0.863831
1.764576 0.2879957 3.298785 -0.03718201 0.5026195 -0.02453763 -0.8633592
1.764008 0.2879626 3.297129 -0.03712767 0.5035532 -0.02517575 -0.8627988
1.763402 0.2879146 3.295463 -0.03744111 0.5047025 -0.02574557 -0.8620967
1.762535 0.2877659 3.294253 -0.03765209 0.505931 -0.02606192 -0.8613577
1.761852 0.2877676 3.292806 -0.0380831 0.5067831 -0.02632079 -0.8608297
1.761129 0.2878324 3.291455 -0.03880157 0.5076197 -0.02668425 -0.8602934
1.760361 0.287883 3.29046 -0.03873506 0.5084305 -0.02658629 -0.8598205
1.759904 0.2878331 3.289092 -0.03867603 0.5090573 -0.02668283 -0.8594491
1.759384 0.2877852 3.288018 -0.03874122 0.5099078 -0.02681205 -0.8589379
1.758986 0.2877159 3.286725 -0.0389994 0.5108724 -0.02679453 -0.8583534
1.758524 0.2876805 3.285519 -0.03964375 0.5118575 -0.026923 -0.8577328
1.758049 0.287622 3.284374 -0.0404442 0.5127075 -0.02721626 -0.8571783
1.757615 0.2875198 3.283712 -0.04065267 0.5135179 -0.02703053 -0.8566891
1.757342 0.2875157 3.282673 -0.04038392 0.5138125 -0.02642229 -0.856544
1.757018 0.2874904 3.281844 -0.04062334 0.5141394 -0.02623099 -0.8563425
1.756595 0.2873507 3.281797 -0.04126981 0.5145389 -0.02630123 -0.8560694
1.756325 0.2872151 3.28141 -0.04180272 0.5148134 -0.02635154 -0.855877
1.756036 0.2870056 3.281142 -0.04252895 0.5150554 -0.0265455 -0.8556896
1.755718 0.2866145 3.281459 -0.04325038 0.5148709 -0.02676138 -0.8557577
1.755214 0.286184 3.281537 -0.04439832 0.5146239 -0.02750278 -0.8558239
1.754752 0.2857842 3.281697 -0.04541158 0.514485 -0.02804029 -0.8558369
1.754459 0.2854854 3.282352 -0.04588242 0.51442 -0.02787519 -0.8558563
1.754215 0.2854418 3.282623 -0.04634497 0.5143234 -0.02768129 -0.8558956
1.754055 0.2854959 3.282876 -0.04651913 0.5141585 -0.02740809 -0.8559941
1.753991 0.2855618 3.283394 -0.04605779 0.5142223 -0.02696866 -0.8559946
1.753861 0.2856807 3.283458 -0.04590585 0.514133 -0.02687183 -0.8560595
1.75366 0.2858225 3.283446 -0.04589089 0.514008 -0.02708695 -0.8561286
1.753583 0.2858783 3.283588 -0.04530992 0.5140148 -0.02728552 -0.8561491
1.753484 0.2859526 3.28335 -0.04470849 0.5137062 -0.0276539 -0.8563542
1.753291 0.2859851 3.283085 -0.04439606 0.5133775 -0.02833128 -0.8565453
1.753109 0.285948 3.28309 -0.04397461 0.5132325 -0.02878723 -0.8566388
1.753061 0.2859973 3.282799 -0.04350916 0.5131288 -0.02905521 -0.8567156
1.753004 0.2861106 3.282573 -0.04346217 0.5131788 -0.02926299 -0.856681
1.752973 0.2862301 3.282685 -0.04341651 0.513427 -0.02902266 -0.8565427
1.753124 0.2864266 3.282466 -0.04325337 0.5138252 -0.0286479 -0.8563249
1.753201 0.2865148 3.282287 -0.04315247 0.5140375 -0.0286155 -0.8562036
1.753347 0.2863483 3.282453 -0.04328294 0.5141051 -0.02879876 -0.8561503
1.753271 0.2863348 3.282391 -0.04313393 0.5141165 -0.02881885 -0.8561503
1.753076 0.2862975 3.282348 -0.04292192 0.5138986 -0.02888036 -0.8562896
1.753086 0.2861696 3.282605 -0.04282284 0.5137085 -0.02884925 -0.8564097
1.753061 0.2862468 3.28258 -0.04286458 0.5138942 -0.02867502 -0.856302
1.753314 0.2864364 3.282427 -0.04241377 0.5144704 -0.02802438 -0.8559999
1.753795 0.2865144 3.282474 -0.04172887 0.514933 -0.02720258 -0.8557819
1.754185 0.2867516 3.282158 -0.04104825 0.5153779 -0.02651751 -0.8555686
1.754593 0.2869999 3.281766 -0.04000196 0.5156961 -0.02566937 -0.8554522
1.755191 0.2870947 3.281479 -0.03879807 0.5160251 -0.02496359 -0.8553302
1.75529 0.2872294 3.28106 -0.03808162 0.5160974 -0.02495995 -0.8553188
1.75532 0.287395 3.280663 -0.03747261 0.5159444 -0.02499247 -0.8554371
1.755759 0.2875308 3.28032 -0.03608853 0.5161225 -0.02439839 -0.8554063
1.756179 0.2877929 3.279813 -0.03456494 0.516379 -0.02361596 -0.8553363
1.756599 0.2880716 3.279369 -0.03338327 0.5166153 -0.02296296 -0.8552585
1.757201 0.2882619 3.279073 -0.03275606 0.5169394 -0.02251107 -0.8550988
1.757557 0.2885184 3.278689 -0.03194061 0.5171648 -0.02189782 -0.8550093
1.757952 0.2887454 3.278299 -0.03083193 0.5174009 -0.02119574 -0.8549249
1.758443 0.2888835 3.278023 -0.03002524 0.5174578 -0.02068239 -0.8549316
1.758838 0.289056 3.277684 -0.02888925 0.5175413 -0.01989594 -0.854939
1.759298 0.2891659 3.277301 -0.02742635 0.5177056 -0.01904508 -0.854907
1.760016 0.2892118 3.276972 -0.02615065 0.5177566 -0.0184266 -0.8549296
1.76029 0.2893291 3.27671 -0.02550215 0.5176371 -0.01807645 -0.8550292
1.760567 0.2894565 3.276454 -0.02491027 0.5177127 -0.01763374 -0.8550101
1.760973 0.289419 3.276389 -0.02440299 0.5177853 -0.01729149 -0.8549877
1.761151 0.2894536 3.276173 -0.02412018 0.5177971 -0.01716793 -0.854991
1.76138 0.2894931 3.275913 -0.02366528 0.5179378 -0.01693466 -0.8549232
1.761678 0.2894684 3.275719 -0.02311918 0.5179965 -0.01663873 -0.8549083
1.761961 0.2895527 3.27543 -0.02249755 0.5180593 -0.0161162 -0.854897
1.762365 0.2896809 3.275034 -0.02137235 0.5182705 -0.01529467 -0.8548129
1.762783 0.2897004 3.274699 -0.02053996 0.5182986 -0.01484135 -0.8548242
1.762928 0.2897426 3.274335 -0.02027644 0.5181872 -0.01488012 -0.8548974
1.763183 0.2897922 3.273936 -0.0196838 0.5183077 -0.01473731 -0.8548406
1.76345 0.289718 3.273756 -0.01936689 0.5182297 -0.01484799 -0.8548933
1.763325 0.2897042 3.273638 -0.02012637 0.5181666 -0.01550794 -0.8549022
1.763188 0.2897268 3.273583 -0.02094571 0.5181364 -0.01602602 -0.8548913
1.762874 0.2897742 3.273819 -0.02181977 0.5181552 -0.01646114 -0.8548498
1.762856 0.2897598 3.273719 -0.02235764 0.5182447 -0.01671907 -0.8547766
1.762743 0.289669 3.27367 -0.02339612 0.5181594 -0.01738271 -0.8547873
1.762075 0.289565 3.274085 -0.02523525 0.5181819 -0.01846927 -0.8546985
1.76183 0.2894278 3.27416 -0.02669864 0.5184072 -0.01926911 -0.8544998
1.761421 0.2892167 3.274316 -0.02834615 0.5182251 -0.02024508 -0.8545346
1.760447 0.2890017 3.274854 -0.03023846 0.518011 -0.02143607 -0.8545705
1.759875 0.2886919 3.275077 -0.03194273 0.517759 -0.02265573 -0.8546298
1.759331 0.2883767 3.275322 -0.03356694 0.5174598 -0.02369294 -0.8547207
1.758348 0.2880697 3.275895 -0.03528223 0.5174744 -0.02472866 -0.8546134
1.757882 0.2877371 3.276131 -0.03700861 0.5173505 -0.02575964 -0.8545849
1.757487 0.2874216 3.276336 -0.03870071 0.5172747 -0.02671292 -0.8545265
1.756598 0.2870513 3.27694 -0.04038309 0.5170481 -0.02774072 -0.8545531
1.756064 0.2867346 3.277221 -0.04235334 0.5164781 -0.02889413 -0.8547641
1.755565 0.28647 3.277499 -0.04431244 0.5163444 -0.02987075 -0.854712
1.754501 0.2861622 3.278251 -0.04643025 0.5163496 -0.0309706 -0.8545573
1.753839 0.2858869 3.278602 -0.04846892 0.5158648 -0.03209895 -0.8546953
1.753332 0.285602 3.278862 -0.04986115 0.5154583 -0.03294409 -0.8548282
1.752431 0.2852236 3.279401 -0.05139345 0.5154157 -0.03397382 -0.8547229
1.75205 0.2849103 3.279626 -0.05294027 0.5154966 -0.03498856 -0.8545387
1.751792 0.2846397 3.279802 -0.05406374 0.5155604 -0.03569061 -0.8544009
1.750994 0.2843113 3.280386 -0.05555245 0.5154561 -0.03661552 -0.8543291
1.750561 0.2840804 3.280625 -0.05728842 0.5153772 -0.03767086 -0.8542163
1.750144 0.2838455 3.280866 -0.05888479 0.5151867 -0.03868869 -0.8541771
1.749188 0.283541 3.281516 -0.06043029 0.515077 -0.03965277 -0.8540911
1.748767 0.2832487 3.281718 -0.06200585 0.5151781 -0.0406932 -0.8538682
1.748026 0.2828325 3.282239 -0.0632697 0.5151577 -0.04164008 -0.8537421
1.747635 0.2824936 3.282371 -0.06416183 0.5149527 -0.04226664 -0.8537685
1.747142 0.2821211 3.282588 -0.06560376 0.5148013 -0.04313618 -0.8537067
1.746582 0.2817215 3.282819 -0.06737875 0.5149282 -0.0442698 -0.8534338
1.745627 0.2811847 3.283873 -0.06893982 0.5151459 -0.0451819 -0.8531299
1.745228 0.2808822 3.284147 -0.07002745 0.5151703 -0.04570818 -0.8529986
1.744773 0.2805606 3.284433 -0.07157602 0.5151758 -0.04670325 -0.8528128
1.743937 0.2800049 3.285087 -0.07306182 0.5150548 -0.04775971 -0.8527013
1.743734 0.2797446 3.285261 -0.07342763 0.5150092 -0.04802239 -0.8526827
1.743446 0.2794823 3.285368 -0.0739918 0.5149118 -0.04845193 -0.8526685
1.742795 0.2790578 3.285736 -0.07471956 0.5147002 -0.04910186 -0.8526956
1.742277 0.278722 3.285908 -0.07530973 0.5143186 -0.04964167 -0.8528426
1.741612 0.278418 3.286211 -0.07660796 0.5139677 -0.05054325 -0.8528856
1.740727 0.2779817 3.286776 -0.0778674 0.5138375 -0.05140558 -0.8527985
1.740425 0.2777658 3.287009 -0.07795296 0.5137154 -0.05164591 -0.8528497
1.740091 0.2775337 3.287264 -0.07828078 0.5134245 -0.05225039 -0.852958
1.739724 0.277115 3.28775 -0.07874078 0.5132799 -0.05298812 -0.8529572
1.739668 0.2770427 3.287865 -0.07834843 0.5132513 -0.05300328 -0.8530096
1.739571 0.2770383 3.288005 -0.07823477 0.5129564 -0.05302835 -0.8531958
1.739693 0.2769246 3.288132 -0.07743333 0.5130143 -0.0526791 -0.8532557
1.739945 0.2770222 3.288004 -0.0757819 0.513063 -0.05189103 -0.853423
1.740146 0.2771003 3.287917 -0.07427724 0.5128745 -0.05128092 -0.8537054
1.74048 0.2770992 3.287673 -0.07274884 0.5128321 -0.05065158 -0.8539001
1.740751 0.2772492 3.287534 -0.07124688 0.5128316 -0.04985196 -0.8540741
1.741222 0.2774715 3.287294 -0.06922963 0.5132201 -0.04861537 -0.8540779
1.741839 0.2776035 3.286817 -0.06687323 0.51368 -0.04718602 -0.8540692
1.742473 0.2778604 3.286472 -0.06432819 0.513791 -0.04569763 -0.854279
1.743138 0.2781791 3.286127 -0.06200603 0.5139194 -0.04423556 -0.8544503
1.743999 0.2784331 3.285454 -0.05948725 0.5141295 -0.04260558 -0.8545858
1.744789 0.2788167 3.285092 -0.05720705 0.5145 -0.04103577 -0.8545953
1.745551 0.2792035 3.284749 -0.05521616 0.5149512 -0.03962091 -0.8545213
1.746478 0.2794738 3.284043 -0.05328256 0.5153884 -0.03824574 -0.8544431
1.74707 0.2797837 3.283765 -0.05166048 0.5158067 -0.0371576 -0.8543383
1.747528 0.2800225 3.283469 -0.0501745 0.5160037 -0.03637037 -0.8543419
1.748144 0.2802562 3.282884 -0.04903682 0.5159587 -0.03583309 -0.8544578
1.748353 0.2803981 3.282676 -0.04813653 0.5160239 -0.03539282 -0.8544879
1.748577 0.280515 3.28249 -0.04718455 0.516258 -0.03483159 -0.8544227
1.748988 0.2806582 3.282071 -0.04666176 0.5164473 -0.03457239 -0.8543475
1.749088 0.2806938 3.281998 -0.04613788 0.5164732 -0.03430119 -0.8543712
1.749235 0.2807155 3.281905 -0.04540675 0.5165752 -0.0338564 -0.8543665
1.749643 0.2807553 3.281643 -0.04490545 0.5167906 -0.03361994 -0.854272
1.749504 0.2806938 3.281642 -0.04485703 0.5166074 -0.03371841 -0.8543814
1.749593 0.2806517 3.281495 -0.0449769 0.516336 -0.03395459 -0.8545299
1.749452 0.2805233 3.281487 -0.04471983 0.516252 -0.03397152 -0.8545935
1.749302 0.2803895 3.281558 -0.04479873 0.5161003 -0.03418496 -0.8546724
1.749132 0.2802922 3.281695 -0.04531451 0.5161379 -0.03454584 -0.854608
1.749198 0.2803457 3.281546 -0.04556008 0.5162287 -0.0346168 -0.8545372
1.749241 0.2803142 3.281559 -0.04521609 0.5162403 -0.0343856 -0.8545578
1.749176 0.2802946 3.281628 -0.04519302 0.5160621 -0.03439966 -0.8546661
1.749212 0.2804498 3.281466 -0.04531207 0.516085 -0.03441021 -0.8546457
1.74924 0.2804995 3.281451 -0.04509734 0.5162873 -0.03416616 -0.8545446
1.7492 0.2805274 3.281484 -0.04517867 0.5163214 -0.03410432 -0.8545221
1.749322 0.2806034 3.281378 -0.04508445 0.5164608 -0.03393925 -0.8544494
1.749423 0.2806846 3.281298 -0.04443297 0.516542 -0.03340939 -0.8544554
1.749489 0.2807045 3.281226 -0.04390183 0.516267 -0.03311134 -0.8546606
1.750083 0.2807875 3.280627 -0.04365726 0.5162826 -0.03314326 -0.8546625
1.74997 0.2806478 3.280724 -0.04394156 0.5163293 -0.03349311 -0.854606
1.749522 0.2804391 3.281002 -0.04498109 0.5160105 -0.03432027 -0.8547117
1.749062 0.2801887 3.281195 -0.04568316 0.5156419 -0.03492508 -0.8548724
1.748855 0.2800534 3.281337 -0.04579695 0.5155447 -0.03499234 -0.8549222
1.748877 0.2800214 3.281378 -0.0457585 0.5157428 -0.0348219 -0.8548117
1.74909 0.2800435 3.281199 -0.0452782 0.5159901 -0.03438011 -0.8547059
1.749462 0.2801795 3.281034 -0.0446119 0.5163429 -0.03385091 -0.8545489
1.749839 0.2803743 3.280848 -0.04369314 0.5164611 -0.03314984 -0.8545525
1.750439 0.2805731 3.280376 -0.04245906 0.5165068 -0.03231213 -0.8546192
1.750645 0.2807406 3.280238 -0.04160989 0.5164686 -0.03179485 -0.8547035
1.750638 0.2808376 3.280187 -0.04138866 0.5162995 -0.03179211 -0.8548164
1.750863 0.2808875 3.279805 -0.04074052 0.5163799 -0.03157413 -0.8548071
1.751186 0.2810155 3.279534 -0.03942299 0.5165455 -0.03090274 -0.8547934
1.75148 0.2811413 3.279295 -0.03849985 0.5166222 -0.03047386 -0.8548044
1.751753 0.2812551 3.278995 -0.03798333 0.5168797 -0.03018144 -0.8546823
1.752107 0.2813717 3.278734 -0.03701766 0.5172458 -0.02952278 -0.8545262
1.752307 0.2814757 3.278558 -0.03648858 0.5174125 -0.02913484 -0.8544613
1.752435 0.2815911 3.278349 -0.03619368 0.5174082 -0.02887398 -0.8544853
1.752558 0.2817099 3.278254 -0.03575562 0.5174527 -0.02862757 -0.854485
1.752797 0.2818339 3.278135 -0.03503225 0.5176004 -0.02827302 -0.8544374
1.753285 0.2819615 3.277731 -0.0337241 0.5177273 -0.02750394 -0.8544382
1.753649 0.2821479 3.277553 -0.03258981 0.5177343 -0.02687133 -0.8544981
1.754001 0.2823475 3.277382 -0.03167029 0.5177705 -0.02638686 -0.8545259
1.754613 0.2825529 3.276901 -0.03016564 0.5177736 -0.02543503 -0.8546073
1.754959 0.282775 3.276651 -0.02914989 0.517796 -0.02475447 -0.8546489
1.755533 0.2828882 3.276076 -0.02817972 0.5179188 -0.02417374 -0.8546237
1.755899 0.2830017 3.275801 -0.02698997 0.5178257 -0.02351076 -0.854737
1.756241 0.2831188 3.275544 -0.02588911 0.5177327 -0.02282119 -0.8548461
1.756577 0.2832471 3.275304 -0.02491866 0.5177011 -0.02218855 -0.8549108
1.757036 0.2833196 3.274853 -0.02401222 0.5177138 -0.02149618 -0.8549466
1.757403 0.2834516 3.274588 -0.02300041 0.5178269 -0.02076888 -0.854924
1.757785 0.2835855 3.274307 -0.02192926 0.5178269 -0.02009612 -0.8549682
1.758334 0.283695 3.273969 -0.02107093 0.51774 -0.01944336 -0.8550575
1.75877 0.2838862 3.273696 -0.019936 0.5176936 -0.01862133 -0.8551311
1.759281 0.2840959 3.273402 -0.01862034 0.51756 -0.01762041 -0.8552628
1.760108 0.2842596 3.272871 -0.01702359 0.5176464 -0.01651996 -0.8552657
1.760741 0.2844221 3.272408 -0.01543456 0.5176899 -0.01558876 -0.8552871
1.761373 0.2845877 3.271953 -0.01396132 0.5176664 -0.01473957 -0.8553417
1.762192 0.2846802 3.271364 -0.01250249 0.5177051 -0.01394436 -0.8553541
1.762887 0.2848452 3.270896 -0.01109931 0.5177264 -0.01319447 -0.8553725
1.763622 0.285053 3.270474 -0.009664834 0.51769 -0.01230121 -0.8554253
1.764531 0.2852089 3.269974 -0.007989556 0.5177234 -0.01113293 -0.8554384
1.765239 0.2854379 3.269612 -0.006868959 0.5178181 -0.01035994 -0.8554005
1.765916 0.2856615 3.269268 -0.006061048 0.5181186 -0.009727241 -0.8552321
1.766677 0.2857958 3.268718 -0.004677117 0.5181907 -0.008714379 -0.855208
1.767478 0.2859529 3.268194 -0.003038764 0.5182615 -0.007570565 -0.8551833
1.768262 0.2860414 3.2677 -0.00154081 0.5185204 -0.006373108 -0.8550401
1.769073 0.2862494 3.267137 -7.539988E-06 0.5187638 -0.005183727 -0.8549019
1.769812 0.286456 3.266609 0.001372725 0.5187549 -0.004187704 -0.8549117
1.770571 0.2866684 3.266081 0.002766282 0.5187177 -0.003223807 -0.8549351
1.771174 0.286826 3.26572 0.004262567 0.5186931 -0.002305925 -0.8549468
1.772059 0.2870494 3.265103 0.006033302 0.5186002 -0.001242489 -0.8549947
1.773126 0.2873455 3.264359 0.008241624 0.5188215 0.0001655519 -0.8548429
1.774141 0.2876409 3.263774 0.01059404 0.519044 0.001876056 -0.8546799
1.775332 0.2880251 3.262984 0.01279929 0.5193579 0.003524393 -0.8544537
1.7765 0.2883877 3.262163 0.01480046 0.5198964 0.004906565 -0.854087
1.777392 0.2885643 3.261638 0.01694238 0.5201805 0.006225765 -0.8538656
1.778442 0.2887636 3.260796 0.01921451 0.5202506 0.007352442 -0.8537658
1.779092 0.2888545 3.260238 0.0210792 0.5199466 0.008165449 -0.8538996
1.77984 0.2890021 3.259562 0.02247261 0.519625 0.008753389 -0.854054
1.780656 0.2891476 3.258931 0.02377412 0.519662 0.0094333 -0.8539891
1.781484 0.2893001 3.258355 0.02504203 0.5197735 0.0102326 -0.8538757
1.78197 0.2894034 3.258178 0.02608359 0.5198551 0.01100767 -0.8537852
1.782909 0.2896398 3.257587 0.02758056 0.5200533 0.01218432 -0.8536014
1.784059 0.2899131 3.256851 0.02971374 0.5202598 0.01378059 -0.8533797
1.784834 0.2901503 3.256552 0.0312374 0.5203227 0.01497218 -0.8532669
1.785826 0.2904853 3.255877 0.03244654 0.5204415 0.01589728 -0.8531326
1.786879 0.2907663 3.255156 0.03407118 0.520493 0.01699656 -0.8530166
1.787521 0.2908931 3.254702 0.03569258 0.5204776 0.01799283 -0.8529393
1.788336 0.2910623 3.253953 0.03691617 0.520493 0.01860368 -0.8528647
1.788684 0.291154 3.253631 0.03824434 0.5202824 0.0193153 -0.8529188
1.789488 0.2913177 3.252838 0.03971495 0.5202281 0.02024913 -0.8528631
1.790272 0.2914934 3.252054 0.04095126 0.520279 0.02102405 -0.8527548
1.791128 0.2916982 3.25128 0.04222913 0.5203499 0.02192345 -0.8526266
1.791305 0.2917541 3.251341 0.04340556 0.5202069 0.02278441 -0.8526322
1.792128 0.2919909 3.250605 0.04422269 0.5202709 0.02334753 -0.8525359
1.793091 0.2922342 3.249826 0.04549545 0.5202034 0.02428037 -0.852484
1.793478 0.2923644 3.249942 0.04684927 0.5201336 0.02526939 -0.8524246
1.7944 0.2926624 3.249167 0.0477829 0.5201322 0.02599645 -0.8523517
1.79551 0.2928998 3.248291 0.04943602 0.520057 0.02705187 -0.8522705
1.796145 0.293005 3.248073 0.05116326 0.5199931 0.02808142 -0.8521743
1.797334 0.2931997 3.247234 0.05273345 0.5200008 0.02899626 -0.8520432
1.798609 0.2933861 3.246365 0.05457621 0.5199423 0.03010118 -0.8519245
1.799214 0.2935266 3.246352 0.05625211 0.5198074 0.03131738 -0.851854
1.800412 0.2937552 3.245553 0.05766357 0.519671 0.03237215 -0.8518034
1.801608 0.2939287 3.2447 0.05916898 0.5195313 0.03335786 -0.8517474
1.802268 0.2938536 3.244418 0.06088378 0.5193717 0.03441584 -0.8516817
1.803473 0.2939845 3.24349 0.06242467 0.5193299 0.03536314 -0.8515568
1.804677 0.2941086 3.242542 0.06397033 0.5192672 0.03632647 -0.8514398
1.804942 0.2941215 3.242675 0.06523768 0.5192741 0.03708375 -0.8513069
1.805976 0.2942502 3.24186 0.06615134 0.5192615 0.03770626 -0.8512167
1.807037 0.2943984 3.241057 0.06699438 0.5193654 0.03838211 -0.8510571
1.807511 0.2942956 3.24158 0.06812699 0.5195662 0.03922051 -0.8508064
1.8086 0.2943844 3.240813 0.06912073 0.5196184 0.03988391 -0.8506635
1.809721 0.2944855 3.239985 0.07009243 0.5198082 0.04053313 -0.8504373
1.809894 0.2945577 3.240165 0.07149298 0.519822 0.04146135 -0.8502675
1.810989 0.2946003 3.239303 0.07259327 0.5198402 0.04204477 -0.8501346
1.812061 0.2946433 3.238437 0.07381898 0.5196339 0.04261571 -0.8501266
1.811837 0.294813 3.238529 0.07474839 0.5191952 0.0430223 -0.8502929
1.812617 0.294908 3.237842 0.07496074 0.5190517 0.04300436 -0.8503628
1.813618 0.2949449 3.237113 0.07580195 0.5190163 0.04344631 -0.8502874
1.813391 0.2950606 3.237431 0.07646769 0.5190004 0.0438275 -0.8502179
1.814225 0.2951128 3.236845 0.07677484 0.518914 0.04404936 -0.8502315
1.814894 0.2951466 3.236327 0.07646689 0.5189756 0.04387224 -0.8502308
1.814257 0.2950267 3.237023 0.0765297 0.5191576 0.04403788 -0.8501055
1.815104 0.2950587 3.236349 0.07735571 0.5192239 0.04465956 -0.8499578
1.815604 0.2951503 3.235783 0.07714551 0.5189273 0.04449529 -0.8501666
1.814417 0.2950559 3.23665 0.07657645 0.5188671 0.04394249 -0.8502836
1.81514 0.2950328 3.236001 0.07707175 0.5191063 0.04410929 -0.8500842
1.815696 0.2950545 3.235447 0.07681368 0.5192247 0.04382077 -0.8500501
1.813973 0.2950378 3.236645 0.07487295 0.5192854 0.04258478 -0.850249
1.814148 0.2950942 3.236316 0.07331934 0.5196974 0.0416936 -0.8501768
1.812218 0.2950427 3.237708 0.07155117 0.5201911 0.04061431 -0.8500777
1.811867 0.2950667 3.237626 0.06855486 0.5206503 0.03869164 -0.8501332
1.811394 0.2950677 3.237645 0.06521489 0.5211955 0.03644988 -0.850161
1.810878 0.2950549 3.23769 0.06184641 0.5216745 0.03430856 -0.8502081
1.807431 0.2949171 3.239969 0.05898941 0.5222356 0.03257305 -0.8501348
1.806891 0.29489 3.239972 0.05647712 0.522389 0.03089211 -0.850274
1.806041 0.2949163 3.240109 0.05297425 0.522109 0.02854565 -0.8507532
1.803291 0.2949192 3.241786 0.04999134 0.5221247 0.02640233 -0.8509933
1.802714 0.2948489 3.24188 0.04754989 0.5217783 0.02474645 -0.8513953
1.802079 0.2947926 3.242032 0.04461155 0.5216406 0.02285674 -0.8516915
1.799236 0.2947095 3.243959 0.04155101 0.5213459 0.0208993 -0.852077
1.798399 0.2946515 3.244278 0.03857006 0.5206597 0.01906654 -0.8526795
1.797541 0.2945887 3.24453 0.03554185 0.5202156 0.01709461 -0.8531238
1.794607 0.2943688 3.246448 0.03281155 0.5196828 0.01525193 -0.8535928
1.793885 0.294251 3.246614 0.03020467 0.5194318 0.01347453 -0.8538716
1.793403 0.2941432 3.246653 0.02813984 0.5195435 0.01204985 -0.8538955
1.790862 0.2940249 3.248589 0.02630739 0.5195593 0.01080915 -0.853961
1.790597 0.2940031 3.248611 0.02475454 0.5197262 0.009813637 -0.8539178
1.788422 0.2938358 3.250389 0.02291799 0.5197945 0.008858682 -0.8539379
1.78805 0.2938913 3.250666 0.02040413 0.5201818 0.007813246 -0.853776
1.787707 0.2939091 3.250962 0.01780728 0.5208009 0.006786377 -0.8534655
1.787287 0.2938575 3.251252 0.01515797 0.5214089 0.005500495 -0.8531545
1.784808 0.2935151 3.253038 0.0124366 0.5219127 0.004019707 -0.8528988
1.784301 0.293377 3.253321 0.01041642 0.5221246 0.002862513 -0.8528008
1.783754 0.29323 3.253573 0.008525342 0.5220731 0.00170508 -0.8528564
1.781411 0.2928156 3.255211 0.006525129 0.5221483 0.0004778802 -0.8528297
1.780804 0.2927165 3.25548 0.004651875 0.5221053 -0.0006680489 -0.8528681
1.780147 0.2926756 3.255797 0.002674907 0.5218374 -0.00182429 -0.8530389
1.778093 0.2923412 3.257354 0.0005837679 0.5216865 -0.003055811 -0.8531317
1.777429 0.2922846 3.257749 -0.001522988 0.5214279 -0.004381061 -0.8532827
1.776703 0.2922072 3.258206 -0.004047304 0.5213618 -0.005905449 -0.8533057
1.774702 0.2917776 3.259724 -0.00652945 0.5215446 -0.007529467 -0.8531659
1.773842 0.2915898 3.260206 -0.009019017 0.5214815 -0.009197712 -0.8531653
1.772891 0.2913986 3.26069 -0.01167583 0.5213484 -0.01091892 -0.8531942
1.771006 0.2907993 3.261925 -0.01369584 0.521185 -0.01231927 -0.8532449
1.770067 0.2905308 3.262343 -0.01597163 0.5211014 -0.01389143 -0.8532323
1.768257 0.2899738 3.263485 -0.01849792 0.5210559 -0.01553947 -0.8531806
1.767163 0.2896734 3.263994 -0.02100809 0.5208632 -0.01724649 -0.8532073
1.765927 0.2893681 3.26459 -0.02390684 0.5203251 -0.01915777 -0.8534186
1.764779 0.2891015 3.265139 -0.02684906 0.5202705 -0.0210436 -0.8533199
1.763502 0.2886035 3.26595 -0.02888172 0.5202209 -0.02240837 -0.8532491
1.762675 0.2883592 3.266415 -0.03064245 0.5199092 -0.02351886 -0.8533478
1.761948 0.2881284 3.266793 -0.03203199 0.5197881 -0.02441687 -0.8533453
1.761165 0.2876698 3.26736 -0.0336841 0.519587 -0.02551654 -0.853372
1.760102 0.2873351 3.268 -0.03641728 0.5192047 -0.02733332 -0.8534362
1.759067 0.2868705 3.268667 -0.03920973 0.5190846 -0.02906415 -0.8533283
1.758255 0.2865487 3.269215 -0.04078792 0.5190285 -0.0298709 -0.8532605
1.757364 0.2862432 3.269822 -0.04263708 0.5187582 -0.03075582 -0.8533031
1.756353 0.2859561 3.270477 -0.04530439 0.5186638 -0.03201145 -0.8531768
1.755604 0.2856239 3.270948 -0.04666415 0.5185519 -0.03244904 -0.8531551
1.754961 0.2854701 3.27143 -0.04768255 0.5182788 -0.03281048 -0.8532509
1.754427 0.2853639 3.271877 -0.04858664 0.518066 -0.03326887 -0.8533112
1.754409 0.2852072 3.271957 -0.04866236 0.5180967 -0.03333822 -0.8532856
1.754109 0.2851855 3.272265 -0.04896397 0.5180496 -0.03366977 -0.8532839
1.754388 0.2849761 3.271787 -0.04973586 0.5180573 -0.03457728 -0.8531983
1.754203 0.2849762 3.271965 -0.04921433 0.5180309 -0.03446996 -0.853249
1.753891 0.2849928 3.272177 -0.04934259 0.5178772 -0.03450361 -0.8533335
1.753433 0.2849153 3.27242 -0.05018935 0.5179092 -0.03516218 -0.8532378
1.75402 0.284858 3.271918 -0.04980075 0.5182679 -0.03485468 -0.8530554
1.75381 0.2848025 3.27205 -0.04952933 0.5184039 -0.03458071 -0.8529997
1.753408 0.2847054 3.272262 -0.04978719 0.5183293 -0.03476372 -0.8530226
1.753815 0.2845844 3.271815 -0.04923066 0.5184652 -0.03447571 -0.852984
1.753682 0.2844999 3.271881 -0.04865286 0.5186379 -0.03421968 -0.8529224
1.753495 0.2844762 3.271973 -0.04842296 0.5187978 -0.03413382 -0.8528417
1.753664 0.284493 3.271612 -0.04853863 0.5190067 -0.03428999 -0.8527018
1.753379 0.2844664 3.271755 -0.04844153 0.5188586 -0.03434774 -0.8527951
1.753228 0.2844533 3.271873 -0.04773999 0.5186317 -0.03393302 -0.8529893
1.753471 0.2844488 3.271749 -0.04714501 0.5186181 -0.03354484 -0.8530459
1.753255 0.284363 3.271947 -0.04724911 0.5187316 -0.03354377 -0.8529712
1.753044 0.2842504 3.272136 -0.04726479 0.5190817 -0.03349647 -0.8527593
1.753409 0.2839779 3.271853 -0.04644963 0.5192305 -0.0329999 -0.8527328
1.753183 0.2839101 3.271958 -0.04585445 0.5190383 -0.03273115 -0.8528923
1.753064 0.2838862 3.272013 -0.04500483 0.5188583 -0.03227758 -0.8530644
1.753796 0.2837711 3.271518 -0.04304213 0.5189885 -0.03116197 -0.853128
1.754197 0.2838589 3.271281 -0.04062547 0.5191994 -0.02986273 -0.8531646
1.754571 0.2839739 3.271049 -0.03847607 0.5191976 -0.02880705 -0.8533016
1.7567 0.284238 3.269799 -0.03553096 0.5193109 -0.02714655 -0.8534148
1.757391 0.284466 3.269419 -0.03282245 0.5195767 -0.02549481 -0.8534124
1.759663 0.2847783 3.268015 -0.03064713 0.5198846 -0.02408323 -0.8533468
1.760386 0.2850105 3.267691 -0.02839362 0.5203848 -0.02242616 -0.853165
1.761127 0.2852114 3.267374 -0.02585397 0.520844 -0.02054134 -0.8530129
1.761819 0.2853572 3.26712 -0.02366598 0.5213082 -0.01891163 -0.8528306
1.763567 0.2855998 3.266164 -0.02114192 0.5217523 -0.01714206 -0.8526627
1.764355 0.2856843 3.265887 -0.01875994 0.5219854 -0.01546493 -0.8526078
1.765123 0.2857723 3.265619 -0.01645315 0.5222139 -0.01382947 -0.8525437
1.766482 0.2860857 3.264716 -0.01372701 0.5223605 -0.0119718 -0.8525302
1.767386 0.2862031 3.264384 -0.01127335 0.5226444 -0.01023602 -0.8524148
1.768299 0.2863146 3.264043 -0.008734734 0.5228748 -0.008550913 -0.8523219
1.769638 0.2865728 3.263099 -0.006131947 0.5229346 -0.006881565 -0.8523229
1.770357 0.2866641 3.2628 -0.003930242 0.5229652 -0.005472512 -0.8523275
1.770995 0.2867242 3.262497 -0.001949459 0.5230849 -0.004250348 -0.8522677
1.771957 0.2871319 3.261436 -3.379583E-05 0.5232455 -0.003115743 -0.8521763
1.772613 0.2872236 3.261096 0.001952559 0.5231754 -0.001746565 -0.852221
1.773357 0.2872982 3.26072 0.004110724 0.5232411 -0.0002684593 -0.8521748
1.77406 0.2873638 3.260319 0.006555201 0.52316 0.001319021 -0.8522083
1.77485 0.2874355 3.259955 0.008957088 0.5229836 0.002948254 -0.8522906
1.775555 0.2875333 3.259465 0.01127574 0.5229564 0.004476398 -0.8522731
1.776358 0.2875981 3.259052 0.01367795 0.5227214 0.006031036 -0.8523725
1.777149 0.2876854 3.258596 0.01591197 0.5227303 0.007454932 -0.852317
1.777996 0.2877512 3.258095 0.01835942 0.5227656 0.008981855 -0.8522314
1.778875 0.2879498 3.257534 0.02090734 0.5227965 0.01058966 -0.8521353
1.779701 0.2879975 3.25712 0.02286312 0.5230736 0.0118871 -0.8518979
1.780563 0.2880605 3.256737 0.02492796 0.5233779 0.0133239 -0.8516318
1.781438 0.2883238 3.256226 0.02728731 0.5233647 0.0149349 -0.8515409
1.782081 0.2883959 3.25595 0.02884475 0.5232438 0.01593664 -0.8515456
1.782788 0.288659 3.255487 0.0307439 0.5232382 0.01705826 -0.8514609
1.783651 0.2886927 3.255075 0.03321691 0.5231925 0.01858187 -0.8513643
1.784404 0.2886912 3.254682 0.03522351 0.5232439 0.01973644 -0.851226
1.784974 0.289067 3.254016 0.03730919 0.5232093 0.02099943 -0.8511282
1.785937 0.2891061 3.253531 0.03997368 0.5233057 0.02285489 -0.8509001
1.78687 0.2891393 3.25304 0.04242535 0.523393 0.02448091 -0.8506825
1.787631 0.2891882 3.252591 0.0443639 0.5233787 0.0255982 -0.8505594
1.788255 0.2894536 3.252182 0.04641013 0.5230091 0.02681121 -0.8506402
1.789009 0.2895683 3.251736 0.04859307 0.522662 0.02813244 -0.8506889
1.789763 0.2896867 3.251314 0.05072328 0.5222476 0.02940148 -0.8507762
1.790492 0.2899589 3.250864 0.0528114 0.5218669 0.03064153 -0.8508391
1.791385 0.290076 3.250407 0.05513811 0.5216269 0.03205159 -0.8507867
1.792261 0.2902217 3.249974 0.05717064 0.5214561 0.03329971 -0.8507092
1.792944 0.2904249 3.249479 0.05899724 0.521405 0.03438923 -0.8505725
1.793837 0.2906016 3.24902 0.06082031 0.5214376 0.03563425 -0.8503728
1.794726 0.2907671 3.248519 0.06285321 0.5214284 0.03696794 -0.8501737
1.795339 0.2909553 3.248098 0.06472564 0.5213258 0.03811401 -0.8500454
1.796191 0.2910672 3.247569 0.06676079 0.5212416 0.0393698 -0.8498825
1.797078 0.2911627 3.247 0.06887685 0.5212172 0.04064599 -0.8496685
1.797695 0.2912969 3.246478 0.07089107 0.5212134 0.0418579 -0.8494463
1.798619 0.2914098 3.245876 0.07310952 0.5211266 0.04323367 -0.8492426
1.799469 0.2915185 3.245332 0.07555151 0.5211341 0.04486927 -0.8489393
1.800533 0.2916629 3.244659 0.07786257 0.5210221 0.04641346 -0.8487162
1.801611 0.2918355 3.243993 0.0799906 0.520888 0.0478349 -0.8485217
1.802844 0.2919825 3.243217 0.08265912 0.5207208 0.04957727 -0.8482684
1.804217 0.2918701 3.242512 0.08524156 0.5204694 0.05121264 -0.84807
1.805342 0.292028 3.241785 0.08735856 0.5203907 0.05262227 -0.8478166
1.806145 0.2921101 3.241139 0.08938201 0.5203373 0.05386484 -0.8475603
1.807133 0.2922598 3.240408 0.0915112 0.5200718 0.0550845 -0.8474177
1.808163 0.2924047 3.239607 0.09385198 0.5198359 0.05640993 -0.8472192
1.809268 0.2925215 3.238749 0.09650377 0.5195317 0.05792612 -0.8470056
1.810439 0.2925269 3.237864 0.09878787 0.5194653 0.05915547 -0.8466979
1.811605 0.2926848 3.237079 0.1011386 0.5193981 0.06058949 -0.8463602
1.812793 0.2928762 3.23629 0.1037214 0.5189273 0.06231505 -0.8462111
1.814096 0.2929944 3.235339 0.1063602 0.5183986 0.06410468 -0.8460739
1.815386 0.2932085 3.234429 0.1090568 0.5178376 0.06592643 -0.8459341
1.816782 0.2934162 3.233473 0.1119035 0.5172837 0.06776667 -0.8457558
1.818306 0.2933548 3.232442 0.1146819 0.5169901 0.0695208 -0.8454207
1.819834 0.2935484 3.231427 0.1174886 0.5168113 0.07134012 -0.8449931
1.821411 0.2937405 3.230377 0.1206017 0.516449 0.07327726 -0.8446101
1.823079 0.293763 3.229695 0.1232913 0.5160875 0.07487912 -0.8443022
1.824463 0.2939541 3.228745 0.1255346 0.5159947 0.07605255 -0.8439233
1.82581 0.2941375 3.227846 0.127656 0.5157417 0.07726932 -0.8436491
1.827121 0.2940128 3.227101 0.1298479 0.5155134 0.07875517 -0.8433168
1.828654 0.2941186 3.226076 0.1324654 0.515434 0.08054502 -0.842789
1.830173 0.2941663 3.225037 0.1351324 0.5151733 0.08223516 -0.8423617
1.831341 0.2941708 3.224313 0.1378691 0.5149198 0.08396375 -0.8419025
1.83285 0.294166 3.223229 0.1406283 0.514881 0.08569759 -0.841295
1.834058 0.2940734 3.22237 0.1434509 0.5148811 0.08725394 -0.8406581
1.835324 0.294114 3.221361 0.1456977 0.5147787 0.08840115 -0.8402145
1.83657 0.2941631 3.220318 0.1480397 0.5145847 0.08951217 -0.8398062
1.83783 0.2941198 3.219201 0.1508984 0.5140519 0.09064236 -0.8395025
1.838774 0.2941099 3.218362 0.1531947 0.5134668 0.09139746 -0.8393627
1.839938 0.2941747 3.217286 0.155404 0.5131094 0.09218216 -0.8390893
1.841377 0.2942572 3.216123 0.1581846 0.5130027 0.09374211 -0.8384619
1.842775 0.2941998 3.215091 0.1609466 0.5130459 0.09552398 -0.8377084
1.844093 0.2944206 3.213978 0.1628813 0.5130823 0.09677936 -0.8371679
1.845493 0.2945718 3.212784 0.1652638 0.5130517 0.09820104 -0.8365538
1.846863 0.2945175 3.21156 0.1676419 0.513091 0.09955886 -0.8358959
1.848057 0.2946931 3.210427 0.1692445 0.5132152 0.1004597 -0.8353887
1.849366 0.2948066 3.209242 0.171255 0.5132274 0.1016371 -0.834829
1.850855 0.2945077 3.208061 0.1738908 0.5129014 0.103335 -0.8342758
1.85215 0.2945954 3.206879 0.1760058 0.5126343 0.1046632 -0.8338307
1.85303 0.2944291 3.206159 0.1779952 0.5126935 0.1059669 -0.8332071
1.854428 0.2945023 3.20509 0.1799796 0.5128217 0.1073138 -0.8325293
1.855674 0.294658 3.204061 0.181558 0.5128324 0.1084458 -0.8320332
1.856851 0.2948087 3.203003 0.1830718 0.512795 0.1093931 -0.8316003
1.857454 0.294782 3.20239 0.1852348 0.5126269 0.1105961 -0.8310658
1.85869 0.2949603 3.201186 0.1871931 0.512321 0.1117834 -0.8306566
1.859805 0.2952608 3.199998 0.188562 0.5122638 0.1125966 -0.8302724
1.860464 0.2951879 3.199324 0.1900728 0.5121625 0.1135551 -0.8298597
1.861627 0.2954686 3.198123 0.1916506 0.5120322 0.1145727 -0.8294373
1.862328 0.2952793 3.197335 0.1931904 0.512005 0.1154993 -0.8289682
1.863524 0.2953759 3.196089 0.1949724 0.5119574 0.1165432 -0.8284342
1.864527 0.2955246 3.194932 0.1961525 0.5119771 0.1172649 -0.8280414
1.864571 0.2955449 3.194639 0.1967074 0.5122223 0.117625 -0.8277071
1.865351 0.2957309 3.193594 0.1974164 0.5124404 0.1183276 -0.8273029
1.866092 0.2959102 3.192499 0.1981557 0.5126879 0.1191747 -0.8268511
1.866746 0.2960764 3.19134 0.1985958 0.5132596 0.1196796 -0.8263178
1.866426 0.2959629 3.191215 0.1987195 0.5141471 0.1201144 -0.825673
1.867085 0.2961468 3.190036 0.1989938 0.5152667 0.1209453 -0.8247873
1.866542 0.2960734 3.190011 0.1988586 0.5163921 0.1215698 -0.8240238
1.86663 0.2963882 3.189003 0.1981595 0.5173633 0.121792 -0.8235501
1.866686 0.2965905 3.187958 0.1979739 0.5181533 0.122249 -0.8230303
1.866614 0.296718 3.186861 0.1976928 0.5191105 0.1224305 -0.8224674
1.865104 0.296624 3.187139 0.1970005 0.5204744 0.1224073 -0.8217747
1.865008 0.2966938 3.185947 0.1968871 0.5217848 0.1227018 -0.8209265
1.864915 0.2967925 3.184679 0.19681 0.5230023 0.1230444 -0.8201186
1.859789 0.2969368 3.186754 0.1967076 0.5245579 0.1233163 -0.8191082
1.859528 0.2971058 3.185391 0.1967517 0.5259215 0.1235846 -0.8181823
1.859194 0.2973532 3.183973 0.1966731 0.5271503 0.1237208 -0.8173894
1.853468 0.2977894 3.186573 0.1964602 0.5287659 0.1235997 -0.8164149
1.853154 0.2979129 3.185034 0.1971345 0.5304005 0.1239837 -0.8151327
1.852772 0.2980907 3.183513 0.1974477 0.5320529 0.1242195 -0.8139433
1.850829 0.2981058 3.183343 0.1973864 0.5339269 0.1243112 -0.8127161
1.85014 0.2983904 3.181742 0.1975209 0.5358424 0.1247355 -0.8113566
1.849394 0.2987141 3.1801 0.197568 0.5377839 0.1251248 -0.8099996
1.847379 0.2991248 3.179485 0.1972255 0.5398152 0.1251242 -0.8087308
1.846404 0.2993291 3.177739 0.1973775 0.5416412 0.1253218 -0.8074412
1.845506 0.2994944 3.175983 0.1978931 0.5433978 0.1256167 -0.8060879
1.844267 0.2997836 3.174844 0.1979679 0.5451087 0.1259471 -0.8048618
1.843374 0.3003291 3.173204 0.197669 0.5470625 0.1263684 -0.8035426
1.842807 0.3007647 3.171436 0.1978734 0.5494121 0.1272536 -0.8017474
1.843058 0.3006031 3.169327 0.1984196 0.551649 0.1283645 -0.7998973
1.842392 0.3010527 3.167463 0.1983148 0.5538059 0.1290218 -0.7983255
1.841971 0.3010826 3.165585 0.1979364 0.5562952 0.129583 -0.796596
1.841397 0.3014118 3.163634 0.1984658 0.5587468 0.1308779 -0.794534
1.840562 0.3017936 3.161719 0.1984725 0.5613208 0.1317023 -0.7925794
1.839844 0.3020186 3.159873 0.198135 0.5640351 0.1321151 -0.7906659
1.838754 0.3023685 3.157786 0.1979665 0.5666336 0.132785 -0.7887356
1.837521 0.3026997 3.155576 0.197678 0.5692342 0.1333422 -0.7868391
1.836218 0.3030546 3.153313 0.1972618 0.5719369 0.1337456 -0.7849128
1.834331 0.3038061 3.151487 0.1964318 0.5750995 0.1340728 -0.7827513
1.833264 0.3041084 3.149064 0.1963137 0.5786741 0.1347961 -0.7800174
1.832292 0.3043955 3.1465 0.1966049 0.5823254 0.1355525 -0.7770903
1.829297 0.3060514 3.144535 0.1962245 0.5860332 0.1359755 -0.7743201
1.827848 0.3067474 3.141827 0.1956405 0.5897568 0.1364958 -0.7715444
1.82422 0.3088506 3.139682 0.1953066 0.5931779 0.1373876 -0.7688433
1.822481 0.3096782 3.136964 0.1944868 0.5966901 0.1378493 -0.7662463
1.820668 0.3105579 3.134322 0.1931814 0.6003281 0.1383048 -0.7636484
1.817214 0.3123489 3.131702 0.1921292 0.6042904 0.1392852 -0.7606045
1.815607 0.3131064 3.129252 0.1913045 0.6084076 0.1402882 -0.7573388
1.813456 0.314038 3.126919 0.1892343 0.6123766 0.1402695 -0.7546587
1.809946 0.315519 3.123784 0.1870359 0.6165298 0.1401941 -0.751834
1.808091 0.3161646 3.121402 0.1862879 0.620351 0.1411692 -0.7486874
1.805825 0.3168139 3.119086 0.1848943 0.6236987 0.1412553 -0.7462313
1.803273 0.3175419 3.116784 0.1831085 0.6269614 0.1408465 -0.7440113
1.799743 0.3186709 3.113467 0.1814379 0.6300737 0.1408345 -0.7417905
1.797197 0.3194271 3.111197 0.1797976 0.6335037 0.1405845 -0.7393118
1.794268 0.320341 3.109037 0.1769436 0.6369501 0.1394011 -0.7372604
1.790681 0.3212835 3.104446 0.1740734 0.6409325 0.1383599 -0.7346839
1.78827 0.3219003 3.102224 0.172378 0.6447883 0.1382861 -0.7317177
1.785609 0.3225134 3.100114 0.170175 0.648392 0.1373939 -0.7292127
1.781325 0.289201 3.10873 0.1687134 0.6446992 0.1345158 -0.7333514
1.778832 0.2897148 3.106701 0.1669813 0.6480331 0.1343259 -0.7308399
1.776283 0.2902136 3.104724 0.1652268 0.6511666 0.134002 -0.7285092
1.77476 0.2874269 3.1027 0.1621177 0.6543853 0.1324852 -0.7265985
1.771778 0.288144 3.10074 0.1591752 0.6574952 0.1314323 -0.7246302
1.768933 0.2888624 3.098827 0.1565897 0.6604885 0.1307947 -0.7225838
1.767149 0.2874524 3.096133 0.153607 0.6640449 0.1295444 -0.7201857
1.764674 0.2880654 3.094094 0.1514026 0.6675833 0.12894 -0.7174847
1.764144 0.286235 3.091169 0.1502268 0.6708735 0.1292642 -0.7145987
1.761869 0.2868058 3.088995 0.1483859 0.6741183 0.1286313 -0.7120395
1.759533 0.2873488 3.086868 0.1465287 0.677365 0.1279165 -0.7094671
1.757293 0.2877988 3.084787 0.1453942 0.6804048 0.1279041 -0.7067888
1.75618 0.2885093 3.082721 0.1433377 0.6835866 0.1273661 -0.7042311
1.75353 0.2889602 3.080767 -0.1410362 -0.6868203 -0.126244 0.7017472
1.7509 0.2892966 3.078905 -0.1390011 -0.6898641 -0.1254298 0.6993093
1.749937 0.2880008 3.077696 -0.1366022 -0.6927925 -0.1245971 0.6970322
1.747138 0.288382 3.075801 -0.1338034 -0.6957459 -0.1234925 0.6948265
1.746548 0.2864044 3.073254 -0.1317595 -0.6989439 -0.123245 0.692046
1.74429 0.2865214 3.071305 -0.1300406 -0.7020338 -0.1230781 0.6892676
1.74183 0.2866668 3.069357 -0.1279663 -0.7050675 -0.1223208 0.6866893
1.73923 0.2868406 3.067452 -0.1254305 -0.7083242 -0.1208942 0.6840532
1.73818 0.2851836 3.064191 -0.1233494 -0.711715 -0.1201347 0.6810391
1.736217 0.2851295 3.062195 -0.1219086 -0.7149362 -0.1200781 0.6779276
1.734261 0.2849968 3.060197 -0.1204382 -0.7182785 -0.1195644 0.6747407
1.734241 0.283383 3.058738 -0.1182523 -0.7218059 -0.1184401 0.6715539
1.732064 0.2833181 3.056668 -0.1159954 -0.725409 -0.1172529 0.6682653
1.72991 0.2832273 3.054636 -0.1137678 -0.7290294 -0.1163677 0.6648545
1.730771 0.2815922 3.053909 -0.1109831 -0.7327167 -0.1152897 0.6614509
1.728547 0.2814841 3.05191 -0.1080877 -0.7362289 -0.1143276 0.6581895
1.726365 0.2813626 3.049991 -0.1049755 -0.7398068 -0.11339 0.654835
1.726934 0.2794497 3.049052 -0.1010941 -0.7435796 -0.1120324 0.651397
1.724551 0.2794045 3.047168 -0.0967418 -0.7474164 -0.1103491 0.647945
1.722516 0.2792197 3.045298 -0.09301278 -0.7515244 -0.109236 0.6439154
1.724154 0.2776293 3.044008 -0.08994714 -0.7557049 -0.1083408 0.6395951
1.722577 0.2770928 3.041918 -0.08721605 -0.7596316 -0.1069295 0.6355464
1.721104 0.2765214 3.039678 -0.0847272 -0.7634414 -0.1052838 0.6315804
1.726079 0.2737718 3.039563 -0.08217099 -0.7675053 -0.1035005 0.6272728
1.725023 0.2732472 3.037085 -0.07962728 -0.7713625 -0.1015149 0.6231807
1.724145 0.2726987 3.03461 -0.07728542 -0.7752556 -0.09948144 0.6189582
1.726072 0.2715932 3.034272 -0.07463062 -0.7792302 -0.09731552 0.614622
1.725532 0.2711982 3.031843 -0.07225377 -0.7830622 -0.09548099 0.6103085
1.725281 0.2708294 3.029498 -0.07043093 -0.786456 -0.09459808 0.6062818
1.731055 0.269312 3.031902 -0.0682928 -0.7900939 -0.09357692 0.6019395
1.731124 0.2689154 3.029755 -0.065909 -0.7938262 -0.09176826 0.5975572
1.731301 0.2684835 3.027793 -0.06348632 -0.7975336 -0.09003232 0.5931305
1.735906 0.267832 3.029667 -0.06098285 -0.8016393 -0.08825994 0.5881036
1.736209 0.2672918 3.028036 -0.05840433 -0.8054925 -0.08597918 0.5834196
1.736375 0.2667302 3.026473 -0.05571854 -0.8090466 -0.0835531 0.5791011
1.738459 0.2660237 3.0267 -0.05351359 -0.8123974 -0.08216591 0.5748004
1.738924 0.2652939 3.025373 -0.05174724 -0.8152751 -0.08115941 0.5710183
1.739026 0.2646817 3.024038 -0.04929048 -0.8178269 -0.07931086 0.5678375
1.735522 0.2639797 3.018712 -0.04674214 -0.820541 -0.07731543 0.5644024
1.735828 0.2636075 3.017875 -0.04468155 -0.823616 -0.07642274 0.5601963
1.736125 0.2633345 3.017237 -0.04245916 -0.8266218 -0.07535454 0.5560713
1.736048 0.2625941 3.015135 -0.04002094 -0.8296369 -0.07423787 0.5518963
1.736519 0.2624458 3.0147 -0.0378128 -0.8324621 -0.07365153 0.5478618
1.736928 0.2623371 3.014349 -0.0356822 -0.8350641 -0.07307041 0.5441098
1.736858 0.2613452 3.011436 -0.033595 -0.8377078 -0.07224987 0.540275
1.737439 0.2611594 3.010999 -0.03245729 -0.8402423 -0.07219777 0.5364019
1.73782 0.2601925 3.008261 -0.03163323 -0.8422298 -0.07160605 0.5334049
1.737902 0.2599172 3.007225 -0.0305199 -0.8441404 -0.06990241 0.5306686
1.738175 0.2594424 3.006112 -0.02998901 -0.8461205 -0.0684888 0.5277216
1.738422 0.2587778 3.00498 -0.02955109 -0.848089 -0.06675288 0.5248008
1.740308 0.2581019 3.002834 -0.02869213 -0.8503711 -0.06394795 0.5214945
1.740413 0.2571685 3.00141 -0.02800465 -0.8524581 -0.06144425 0.5184163
1.740455 0.2561837 3.000055 -0.02734023 -0.8545697 -0.05926803 0.5152187
1.740872 0.2547789 2.996098 -0.0258823 -0.8567145 -0.05665281 0.5120164
1.740625 0.2540491 2.99453 -0.02425474 -0.8589793 -0.05436102 0.5085383
1.740424 0.2534615 2.993068 -0.02284369 -0.8612505 -0.05262878 0.5049316
1.740471 0.252826 2.989954 -0.02158567 -0.8633681 -0.05092752 0.5015337
1.740266 0.2523733 2.988423 -0.02029431 -0.8654819 -0.04881211 0.4981431
1.740314 0.2518832 2.9871 -0.01944411 -0.8676171 -0.04715663 0.4946097
1.740928 0.2511762 2.984649 -0.01887161 -0.8698017 -0.04560374 0.4909269
1.741219 0.2505817 2.983398 -0.01820359 -0.8718479 -0.04372026 0.4874818
1.741548 0.2500219 2.98218 -0.01778305 -0.873707 -0.04224126 0.4842887
1.742251 0.2493832 2.981023 -0.01765734 -0.8753766 -0.04136618 0.4813449
1.742525 0.249045 2.97997 -0.01763153 -0.8770134 -0.04058379 0.478424
1.742604 0.2488776 2.978846 -0.01698452 -0.878659 -0.03915609 0.4755383
1.743167 0.2485361 2.977603 -0.01612327 -0.8804021 -0.03792766 0.4724337
1.743531 0.2484936 2.976692 -0.01576552 -0.8820415 -0.03747361 0.4694144
1.744395 0.2480081 2.975453 -0.01592612 -0.883368 -0.03720649 0.4669293
1.74488 0.2478679 2.974573 -0.01617333 -0.8846997 -0.03678626 0.4644261
1.745393 0.2476836 2.97377 -0.01669303 -0.8858888 -0.03684996 0.4621304
1.7457 0.2474948 2.972917 -0.01688191 -0.8870404 -0.03639035 0.4599458
1.746404 0.2469656 2.971575 -0.01658207 -0.8881694 -0.03582234 0.4578176
1.746514 0.2468447 2.970853 -0.01634175 -0.8893161 -0.03556836 0.4556147
1.747079 0.246405 2.969556 -0.01589578 -0.8902872 -0.03494276 0.4537787
1.747065 0.2462878 2.968845 -0.01552928 -0.891169 -0.03453151 0.4520888
1.747153 0.2461147 2.968235 -0.01543468 -0.8920445 -0.03450945 0.4503638
1.747188 0.2459362 2.967621 -0.01522234 -0.8928455 -0.03424549 0.4488012
1.747793 0.2452479 2.965966 -0.01486275 -0.8935742 -0.0339154 0.4473857
1.747794 0.2451935 2.965444 -0.01450837 -0.8943601 -0.03377249 0.4458351
1.747764 0.2452126 2.96489 -0.01401341 -0.8951142 -0.03345263 0.4443592
1.748183 0.2449284 2.963503 -0.01358789 -0.8956081 -0.0335397 0.4433695
1.748292 0.2449415 2.963075 -0.01348969 -0.8960544 -0.03375259 0.4424539
1.748426 0.2448808 2.962635 -0.01340246 -0.896449 -0.03362885 0.4416657
1.748879 0.2444926 2.961505 -0.01330751 -0.8967302 -0.03378671 0.4410853
1.748898 0.2443552 2.961175 -0.01312697 -0.8969544 -0.03401266 0.4406174
1.749205 0.2439693 2.959971 -0.01261455 -0.8970419 -0.03379734 0.4404708
1.748842 0.2437936 2.95957 -0.01188895 -0.8971152 -0.03296304 0.4404048
1.748566 0.2435353 2.959284 -0.01158094 -0.897213 -0.03229359 0.4402634
1.748912 0.2430395 2.958259 -0.01163414 -0.8970777 -0.03219509 0.4405448
1.748649 0.2427748 2.958101 -0.01166135 -0.8966906 -0.0320002 0.4413457
1.748286 0.242567 2.958004 -0.01144809 -0.8963419 -0.03156859 0.4420901
1.747819 0.2424027 2.957966 -0.01108849 -0.8959498 -0.0311697 0.4429216
1.74753 0.2419375 2.956713 -0.01083732 -0.8953342 -0.03087518 0.4441914
1.747024 0.2417834 2.956767 -0.01065305 -0.8946903 -0.03054917 0.4455138
1.746718 0.2413998 2.9559 -0.01055372 -0.8941346 -0.03032115 0.446646
1.746404 0.2412372 2.956141 -0.01037994 -0.8934582 -0.03020404 0.4480093
1.746085 0.2410084 2.956436 -0.01016009 -0.8927768 -0.02991232 0.4493902
1.745641 0.2406028 2.955782 -0.00999573 -0.8922157 -0.02985254 0.4505109
1.745313 0.2403037 2.956112 -0.009677231 -0.8915932 -0.02971163 0.4517579
1.74491 0.2398845 2.95634 -0.009445132 -0.8910139 -0.02896981 0.4529522
1.744127 0.239367 2.955503 -0.009272993 -0.8903478 -0.02806368 0.4543206
1.743803 0.2389478 2.955624 -0.009100408 -0.8896977 -0.02772205 0.4556167
1.743505 0.23854 2.95573 -0.008957625 -0.8891146 -0.02725402 0.4567847
1.743111 0.2380615 2.955784 -0.008850009 -0.8883932 -0.02647981 0.4582337
1.742415 0.2377419 2.955417 -0.008886308 -0.8876452 -0.02589216 0.4597136
1.741798 0.2371726 2.955498 -0.00889957 -0.8867074 -0.02512399 0.461562
1.740685 0.2366626 2.95523 -0.0088017 -0.8855231 -0.02406323 0.4638883
1.739837 0.2359633 2.95556 -0.008784741 -0.8843366 -0.02372493 0.4661638
1.738762 0.2352705 2.956085 -0.008311361 -0.8832095 -0.0232514 0.4683282
1.736918 0.2347927 2.956408 -0.007232964 -0.8822742 -0.02192201 0.4701695
1.735563 0.2342021 2.957135 -0.006265283 -0.8813587 -0.02127472 0.4719268
1.734191 0.2335732 2.957956 -0.005597711 -0.8802801 -0.02097021 0.4739577
1.732712 0.23284 2.958639 -0.005045385 -0.8789788 -0.02003214 0.4764132
1.730689 0.2325906 2.959116 -0.004440427 -0.8774872 -0.01913783 0.4791975
1.729195 0.2318035 2.959859 -0.003956765 -0.8759619 -0.01865774 0.4820032
1.727496 0.2309422 2.96051 -0.003244043 -0.8743629 -0.01745917 0.4849476
1.725045 0.2305222 2.960856 -0.002389908 -0.8728007 -0.0159516 0.4878101
1.723293 0.2296923 2.961706 -0.001445532 -0.8714362 -0.01477192 0.4902842
1.721589 0.2289048 2.962619 -0.0005248189 -0.8700693 -0.01363799 0.4927405
1.719033 0.2287998 2.963204 0.0002687573 -0.8684775 -0.01236273 0.4955743
1.717275 0.2280616 2.964035 0.00102222 -0.8668537 -0.01109694 0.4984381
1.715558 0.2273686 2.964881 0.001454741 -0.8651069 -0.01021823 0.5014813
1.713186 0.2269551 2.965313 0.001596034 -0.8630351 -0.00956531 0.5050509
1.711335 0.2263901 2.966073 0.001906812 -0.8609845 -0.00864327 0.5085542
1.709475 0.2258712 2.966887 0.002290696 -0.8590516 -0.007735908 0.5118254
1.707015 0.2253916 2.9674 0.002806723 -0.8570366 -0.006857634 0.5152023
1.705276 0.2249918 2.968394 0.003226429 -0.8552271 -0.00628239 0.5182055
1.703631 0.224601 2.969402 0.003549606 -0.8533152 -0.005675346 0.5213525
1.701581 0.2242037 2.970289 0.003810227 -0.8513424 -0.005182505 0.5245712
1.700297 0.2238957 2.971514 0.003837705 -0.8495938 -0.00517428 0.5273984
1.698661 0.2230102 2.972521 0.003784955 -0.8475308 -0.005076051 0.5307084
1.697205 0.2227604 2.973768 0.003624022 -0.8453077 -0.004909575 0.5342449
1.695752 0.2225576 2.975096 0.003666937 -0.8433526 -0.004597753 0.5373284
1.694177 0.2223443 2.976472 0.003959358 -0.8413001 -0.004120082 0.5405382
1.692282 0.2224129 2.977924 0.004334212 -0.8392306 -0.003729344 0.5437457
1.690791 0.2222213 2.97927 0.004635036 -0.8372172 -0.003451199 0.5468401
1.689287 0.2219898 2.980573 0.004981577 -0.8350961 -0.002960294 0.5500736
1.687496 0.2212282 2.981891 0.005389154 -0.8330329 -0.002509356 0.5531916
1.686197 0.2210546 2.98325 0.00569731 -0.8309842 -0.002210051 0.5562626
1.684925 0.2208506 2.984577 0.005924494 -0.8287392 -0.001825899 0.5596007
1.683547 0.2199335 2.986096 0.006122679 -0.8264354 -0.001596302 0.5629959
1.682455 0.2197702 2.987548 0.006322533 -0.8241997 -0.00148201 0.5662619
1.681817 0.2194532 2.989435 0.006497025 -0.8218308 -0.001313269 0.5696931
1.680719 0.219254 2.99098 0.00690955 -0.8194887 -0.0008916557 0.5730531
1.679777 0.2190431 2.992621 0.007270992 -0.8172131 -0.0008273125 0.5762892
1.678882 0.2187726 2.994307 0.007628739 -0.8149008 -0.0007901192 0.5795498
1.678426 0.2183651 2.996455 0.008249165 -0.812475 -0.0002870858 0.5829377
1.677433 0.2179104 2.998053 0.008799494 -0.8100118 0.0003623963 0.5863475
1.67736 0.2164201 3.000128 0.009278358 -0.8076219 0.0009424986 0.589627
1.676473 0.2160097 3.001808 0.009848863 -0.8050913 0.001579285 0.593067
1.675795 0.2156332 3.003623 0.01018199 -0.8026072 0.001868457 0.5964181
1.675106 0.2152728 3.005528 0.01061922 -0.8000003 0.002334476 0.5999012
1.675195 0.2144604 3.007936 0.0110392 -0.7971689 0.002520502 0.6036502
1.674451 0.2140681 3.010056 0.01142702 -0.7942367 0.002607316 0.6074955
1.673574 0.2136032 3.012227 0.01207247 -0.7913359 0.003175259 0.6112542
1.673457 0.2126708 3.013481 0.01284847 -0.7884279 0.003869653 0.6149808
1.672594 0.2121532 3.015672 0.01357669 -0.7855529 0.004561127 0.6186289
1.671789 0.2116672 3.017861 0.01410672 -0.7826038 0.004997045 0.6223403
1.672403 0.2110933 3.019749 0.0145942 -0.7796302 0.00533101 0.6260474
1.671711 0.210702 3.022018 0.01531828 -0.776803 0.005877942 0.62953
1.6711 0.2103477 3.024388 0.01601827 -0.7739747 0.006233246 0.6329833
1.67064 0.2096794 3.026504 0.01661885 -0.7711046 0.006347388 0.6364599
1.670069 0.2093999 3.028865 0.01718503 -0.7682687 0.006648988 0.6398622
1.669462 0.209123 3.031199 0.01765311 -0.7652183 0.006939829 0.6434914
1.66993 0.208839 3.033165 0.01804751 -0.7620528 0.007110566 0.6472242
1.669369 0.2086547 3.035487 0.01848445 -0.7588815 0.007452757 0.6509238
1.668918 0.2084625 3.037878 0.01872736 -0.7556433 0.007582665 0.6546717
1.66961 0.2073399 3.040321 0.01902053 -0.752496 0.007730871 0.6582767
1.669258 0.2070508 3.042844 0.01944292 -0.749396 0.008020462 0.661788
1.668829 0.2067455 3.045396 0.02009294 -0.746187 0.008246602 0.6653821
1.667853 0.2066572 3.049103 0.02097076 -0.7430573 0.008540065 0.6688446
1.667329 0.2062959 3.051614 0.02159697 -0.7397525 0.008787006 0.672475
1.666774 0.2058519 3.054049 0.02222708 -0.7363296 0.009432645 0.676192
1.666523 0.205075 3.057446 0.02269399 -0.7329919 0.01023826 0.6797816
1.666088 0.2045664 3.059818 0.02291673 -0.729508 0.01083764 0.6835024
1.665617 0.2041081 3.062232 0.02336612 -0.7259308 0.01164967 0.687272
1.664175 0.2034926 3.063777 0.02382753 -0.7224554 0.01240221 0.6908955
1.663895 0.2031333 3.06633 0.02416179 -0.7191184 0.01280394 0.6943494
1.663752 0.2027961 3.069257 0.02469552 -0.7159371 0.01300579 0.6976067
1.66366 0.2026083 3.071907 -0.0252313 0.7127784 -0.01311126 -0.7008127
1.663594 0.2024412 3.074522 -0.02571902 0.7094707 -0.0130834 -0.7041438
1.66358 0.2022801 3.077139 -0.02621037 0.7062306 -0.01309899 -0.7073753
1.664146 0.2019676 3.078846 -0.02679169 0.7030907 -0.01345024 -0.7104681
1.664158 0.2017527 3.081283 -0.02726236 0.6998889 -0.01379287 -0.7135979
1.664252 0.2015565 3.083704 -0.02748981 0.6964913 -0.01376707 -0.7169062
1.664778 0.2012975 3.086201 -0.02775013 0.6934041 -0.01371101 -0.7198838
1.66492 0.2011189 3.088472 -0.02835868 0.6904824 -0.01394311 -0.7226586
1.664648 0.2008312 3.090519 -0.0290201 0.6876084 -0.01400197 -0.7253665
1.66492 0.2006145 3.092668 -0.02947557 0.6849779 -0.01393679 -0.7278339
1.665123 0.2003785 3.094656 -0.0298881 0.6822546 -0.01401669 -0.730369
1.66528 0.2001774 3.096521 -0.03043205 0.6794924 -0.01422852 -0.732913
1.664809 0.1998617 3.098761 -0.03091261 0.6770094 -0.01437545 -0.7351844
1.665042 0.1996045 3.100398 -0.03118229 0.6744189 -0.01459038 -0.7375459
1.665223 0.1992867 3.10194 -0.03138653 0.6717318 -0.01499382 -0.7399774
1.665421 0.1987378 3.104281 -0.03184325 0.6692603 -0.01574767 -0.7421783
1.665758 0.1984241 3.105711 -0.03216234 0.6668512 -0.01629463 -0.7443182
1.666263 0.1981129 3.107142 -0.03229287 0.6644325 -0.01644993 -0.746469
1.666483 0.1975757 3.108991 -0.03250024 0.6621174 -0.0167881 -0.7485069
1.667076 0.1972341 3.110262 -0.0326781 0.6597737 -0.01703432 -0.7505603
1.667569 0.1968808 3.111541 -0.03304002 0.6572381 -0.01723278 -0.7527612
1.667468 0.1962847 3.113026 -0.0336997 0.6547903 -0.0176962 -0.7548515
1.667872 0.1958659 3.114252 -0.03441203 0.6525323 -0.01820347 -0.7567602
1.668233 0.1954398 3.115453 -0.03525698 0.6502035 -0.01876849 -0.7587094
1.668395 0.1949652 3.116453 -0.03556952 0.6479136 -0.0189296 -0.7606474
1.668805 0.194462 3.117643 -0.03597468 0.6454111 -0.01931033 -0.7627434
1.668363 0.1938897 3.118845 -0.03662429 0.6427786 -0.01996109 -0.7649156
1.668536 0.1933363 3.119982 -0.03729898 0.6400801 -0.02065727 -0.7671243
1.668708 0.1928013 3.12118 -0.03784719 0.6372484 -0.02116904 -0.7694374
1.668611 0.1922731 3.122376 -0.03808588 0.6345373 -0.02139679 -0.7716566
1.668759 0.191848 3.123576 -0.03845278 0.6317803 -0.02163702 -0.7738908
1.6688 0.191428 3.124867 -0.03918082 0.6289288 -0.02209997 -0.7761604
1.670846 0.1912967 3.12657 -0.03951297 0.6262272 -0.02216983 -0.778323
1.67099 0.1909244 3.127902 -0.03974506 0.6232942 -0.0222376 -0.78066
1.6711 0.1905885 3.129267 -0.04012916 0.6202726 -0.02231035 -0.7830414
1.671191 0.1903251 3.130648 -0.04045353 0.6172586 -0.02218887 -0.7854063
1.670997 0.1900421 3.132332 -0.0409618 0.6140199 -0.02223611 -0.7879133
1.671007 0.1898759 3.133759 -0.04146639 0.6110207 -0.0223133 -0.7902129
1.671065 0.1897675 3.135148 -0.04164634 0.60787 -0.02207577 -0.7926363
1.670804 0.1894946 3.136875 -0.04205433 0.604223 -0.02209643 -0.7953979
1.670745 0.1891929 3.138453 -0.04264665 0.6005875 -0.02248499 -0.7981043
1.670847 0.1888289 3.140068 -0.04271251 0.5968251 -0.02251947 -0.8009172
1.670139 0.1883238 3.141815 -0.04282427 0.5930545 -0.02254596 -0.8037065
1.670192 0.1879081 3.143494 -0.04303971 0.589422 -0.02274245 -0.8063573
1.670219 0.1875338 3.145221 -0.04315448 0.5856356 -0.02277449 -0.8091044
1.669722 0.187161 3.147264 -0.0434722 0.5819176 -0.02281198 -0.8117645
1.66983 0.1868417 3.149057 -0.04367355 0.5784503 -0.02270234 -0.8142313
1.669949 0.1865347 3.150887 -0.04383907 0.5749128 -0.02256981 -0.8167276
1.669293 0.1860766 3.152812 -0.04398236 0.5713457 -0.02256346 -0.8192195
1.669347 0.1858452 3.154392 -0.04379961 0.5677732 -0.0224781 -0.8217115
1.669342 0.1855848 3.155884 -0.04347542 0.5640658 -0.02252942 -0.8242767
1.669309 0.1852602 3.157519 -0.0435296 0.5606648 -0.0227989 -0.8265836
1.669347 0.1851045 3.158867 -0.04359534 0.5575185 -0.02294761 -0.8287014
1.669498 0.1849912 3.16017 -0.04342449 0.5542735 -0.02290893 -0.8308854
1.668842 0.184747 3.161709 -0.04332232 0.5511537 -0.02277744 -0.832967
1.669013 0.1847081 3.162943 -0.04320532 0.5480725 -0.02252859 -0.8350104
1.669244 0.1846694 3.164114 -0.04285356 0.5451106 -0.02209541 -0.8369766
1.66967 0.1844941 3.165694 -0.04286087 0.5422364 -0.02201548 -0.8388432
1.669671 0.1844643 3.166806 -0.04312189 0.5394217 -0.02217564 -0.8406385
1.669771 0.1844088 3.167798 -0.04302723 0.5366983 -0.02231929 -0.8423808
1.670324 0.1841311 3.169225 -0.04290115 0.533877 -0.02264846 -0.8441694
1.670595 0.1840998 3.170136 -0.04264636 0.531036 -0.02284849 -0.8459669
1.671008 0.1841082 3.170993 -0.0423142 0.5284495 -0.02286324 -0.8476013
1.671984 0.1838143 3.172294 -0.04192108 0.5260267 -0.02265486 -0.8491321
1.672427 0.1838755 3.173174 -0.04193796 0.5236045 -0.02257723 -0.8506291
1.6729 0.1839912 3.174018 -0.04199702 0.5214794 -0.02248046 -0.8519332
1.669914 0.1840344 3.171513 -0.04196066 0.519024 -0.0222764 -0.8534385
1.67035 0.1841594 3.172294 -0.04229853 0.5170841 -0.02229855 -0.854598
1.670864 0.1842615 3.172979 -0.04242067 0.5153962 -0.02222732 -0.8556128
1.671261 0.1841508 3.173444 -0.04215494 0.5134097 -0.02207196 -0.8568233
1.671685 0.1841495 3.174074 -0.04213691 0.5114455 -0.02220044 -0.8579948
1.672082 0.1839618 3.17467 -0.0422296 0.5095226 -0.02228296 -0.8591315
1.672496 0.183936 3.175287 -0.04220945 0.5076183 -0.02240846 -0.8602558
1.672899 0.1839066 3.175817 -0.04201104 0.5056849 -0.02267355 -0.8613965
1.673345 0.1838901 3.176286 -0.04167928 0.5039375 -0.02297357 -0.8624279
1.673932 0.1836985 3.176963 -0.04180989 0.5021843 -0.02344644 -0.863431
1.674413 0.1836928 3.17744 -0.04187169 0.5007648 -0.02380893 -0.8642422
1.67495 0.1837137 3.177764 -0.04144141 0.4993315 -0.02387923 -0.8650898
1.675603 0.1835509 3.178425 -0.04153438 0.4976737 -0.0242073 -0.8660311
1.676046 0.1836005 3.178752 -0.04179792 0.4965573 -0.02450368 -0.8666506
1.67661 0.1836782 3.178898 -0.04170104 0.495656 -0.02447534 -0.8671719
1.677562 0.1836841 3.179079 -0.04117768 0.4946549 -0.0242337 -0.8677751
1.678108 0.1837554 3.179033 -0.04102368 0.493941 -0.02434308 -0.8681859
1.67845 0.183787 3.178936 -0.04116005 0.4931225 -0.02468458 -0.868635
1.678576 0.1835681 3.180156 -0.0409873 0.4922847 -0.02461687 -0.8691202
1.678963 0.1836686 3.179961 -0.04112989 0.4919203 -0.02474037 -0.8693162
1.679307 0.1838199 3.179656 -0.04116767 0.4915391 -0.02476007 -0.8695295
1.680143 0.1839814 3.179631 -0.04126996 0.49108 -0.02458611 -0.8697889
1.680453 0.1841548 3.179376 -0.04191235 0.4910979 -0.0246968 -0.869745
1.680738 0.1842943 3.178992 -0.04235576 0.4910754 -0.02485162 -0.8697318
1.682068 0.1841906 3.179852 -0.04217742 0.4906352 -0.02452582 -0.8699981
1.682467 0.1843944 3.179302 -0.04180104 0.4903865 -0.02411357 -0.870168
1.68262 0.1846103 3.178976 -0.04151407 0.4902524 -0.02378321 -0.8702664
1.682902 0.1847774 3.17842 -0.04139924 0.4902254 -0.02369875 -0.8702893
1.683052 0.1848746 3.177891 -0.04146487 0.490234 -0.02380624 -0.8702785
1.683018 0.1849014 3.177406 -0.04172555 0.4900728 -0.02406216 -0.8703498
1.682786 0.1848591 3.177386 -0.04186948 0.4898617 -0.02415922 -0.870459
1.682657 0.1848396 3.176984 -0.04214685 0.4898219 -0.02432371 -0.8704634
1.682488 0.1848188 3.17657 -0.04250075 0.4899006 -0.02458713 -0.8703945
1.6817 0.1845575 3.17591 -0.04282087 0.4897355 -0.02494824 -0.8704615
1.681564 0.1845968 3.17543 -0.04292879 0.4896534 -0.02519414 -0.8704952
1.681575 0.1847052 3.174829 -0.04254182 0.4896212 -0.02516183 -0.8705332
1.681372 0.1848217 3.174765 -0.04223031 0.4895519 -0.02513287 -0.8705882
1.681351 0.184994 3.174227 -0.04216873 0.4896987 -0.02518678 -0.8705071
1.680845 0.1849622 3.174287 -0.04208617 0.4898255 -0.02523744 -0.8704383
1.680626 0.1850609 3.173784 -0.0420086 0.4898822 -0.02538574 -0.8704058
1.680261 0.1851237 3.173298 -0.04222812 0.4899337 -0.02571893 -0.8703564
1.679865 0.1851534 3.172793 -0.04238014 0.4899127 -0.02607727 -0.8703502
1.678958 0.1847891 3.173167 -0.04242273 0.489939 -0.0262638 -0.8703277
1.678605 0.18481 3.17273 -0.04251403 0.490031 -0.02652958 -0.8702635
1.67787 0.1845825 3.173117 -0.04266146 0.4901206 -0.02672261 -0.8701998
1.677544 0.1845949 3.172753 -0.04265455 0.490516 -0.02674747 -0.8699766
1.677097 0.1846137 3.172423 -0.04274004 0.4906079 -0.02681071 -0.8699186
