0.03508528 0.1854782 -0.2470966 -0.06704558 0.1277857 -0.00660491 -0.989511
0.03544836 0.1864679 -0.2502355 -0.06678439 0.1262183 -0.007258595 -0.9897253
0.03590235 0.1866917 -0.2507799 -0.06645021 0.1264286 -0.007160426 -0.9897217
0.03605998 0.1866762 -0.2514807 -0.06623433 0.1268976 -0.007032365 -0.989677
0.03615433 0.1866208 -0.2521062 -0.06635279 0.1266982 -0.006939322 -0.9896953
0.03619943 0.186513 -0.2525396 -0.06642797 0.1254528 -0.007007242 -0.9898484
0.03658627 0.1865244 -0.252713 -0.06660608 0.1249183 -0.007064492 -0.9899036
0.03678747 0.1864803 -0.253221 -0.066776 0.1252223 -0.007116319 -0.9898534
0.03700802 0.186525 -0.2536291 -0.06701598 0.1254792 -0.00704375 -0.9898052
0.03703205 0.1866943 -0.2536275 -0.06704143 0.1255428 -0.006952972 -0.989796
0.03722817 0.1868416 -0.2539095 -0.06686809 0.1252979 -0.006919414 -0.989839
0.0374159 0.1869424 -0.2542546 -0.06693707 0.1251356 -0.007148028 -0.9898533
0.03657375 0.186452 -0.2531807 -0.06684481 0.1251834 -0.007454008 -0.9898512
0.03644143 0.1864541 -0.25321 -0.06649777 0.1253794 -0.007445664 -0.9898498
0.03630064 0.1863733 -0.2530656 -0.06634292 0.1256061 -0.007542611 -0.9898307
0.03520325 0.1858396 -0.2520529 -0.06661575 0.1261812 -0.007580787 -0.989739
0.03504945 0.1858106 -0.2518253 -0.06673656 0.1267182 -0.007188143 -0.9896652
0.03481369 0.1858767 -0.2515575 -0.06671909 0.1268568 -0.006782592 -0.9896514
0.03451738 0.185949 -0.2515884 -0.06640297 0.1270587 -0.006677509 -0.9896475
0.03427551 0.1860215 -0.2513489 -0.06620086 0.1273405 -0.006751419 -0.9896243
0.03400753 0.1860232 -0.2510065 -0.06635512 0.1274503 -0.006946892 -0.9895985
0.03387815 0.1860109 -0.2514055 -0.06613073 0.127979 -0.006892801 -0.9895456
0.03354519 0.1860523 -0.2510777 -0.06613215 0.1286089 -0.006793797 -0.9894646
0.03320865 0.1860896 -0.2507582 -0.06607746 0.1286702 -0.006863803 -0.9894598
0.0339321 0.1862352 -0.2524036 -0.06589636 0.1287703 -0.006736845 -0.9894598
0.03376704 0.1863774 -0.2524642 -0.06555928 0.1291958 -0.006598354 -0.9894276
0.0336267 0.1864756 -0.2525164 -0.06540368 0.1294329 -0.006666632 -0.9894064
0.03311769 0.1867031 -0.2530363 -0.06499472 0.1288177 -0.006777555 -0.9895129
0.03294902 0.1869515 -0.2529522 -0.06425104 0.1284278 -0.00652659 -0.9896138
0.03275736 0.1873775 -0.2528383 -0.0634669 0.128492 -0.006052971 -0.9896591
0.03223026 0.1879853 -0.2524957 -0.06292263 0.1284738 -0.005758167 -0.989698
0.03208776 0.1889483 -0.2521676 -0.06200855 0.1283693 -0.005519807 -0.9897706
0.03193335 0.1903433 -0.2519156 -0.06001824 0.1287012 -0.005010754 -0.9898529
0.03147556 0.1920883 -0.2517673 -0.05737125 0.1289425 -0.004443885 -0.9899812
0.03117529 0.1941905 -0.2514858 -0.05464555 0.1285718 -0.00412035 -0.990185
0.03080036 0.1964495 -0.2510032 -0.05239541 0.1273085 -0.004579425 -0.9904677
0.03003842 0.1981345 -0.2498188 -0.04953137 0.1262946 -0.005292207 -0.9907413
0.02964269 0.2006655 -0.2494982 -0.04552015 0.1266756 -0.005684286 -0.9908829
0.02929685 0.2033477 -0.2492378 -0.04152 0.1274513 -0.005808682 -0.9909584
0.02892297 0.2053373 -0.2492786 -0.03792444 0.1280112 -0.00589028 -0.9910299
0.02865167 0.2080675 -0.2490773 -0.03406474 0.1291835 -0.005789608 -0.9910185
0.02842079 0.2109065 -0.249107 -0.02943084 0.1317713 -0.005183309 -0.9908296
0.02765565 0.2130858 -0.2494327 -0.02506148 0.1338497 -0.004345179 -0.9906752
0.02725377 0.2159911 -0.2491166 -0.0211193 0.1339082 -0.003679008 -0.9907619
0.02683822 0.2188777 -0.2485847 -0.01733045 0.1326391 -0.003361106 -0.9910072
0.02692351 0.2211917 -0.2480832 -0.0131822 0.1315432 -0.002952307 -0.9912184
0.02642082 0.2240635 -0.2472035 -0.009770755 0.1307788 -0.0023157 -0.9913608
0.02590806 0.2269008 -0.2462645 -0.006611199 0.1304975 -0.00163579 -0.9914252
0.02462444 0.229455 -0.2447558 -0.002816454 0.1308548 -0.0008454621 -0.9913972
0.02409236 0.2321685 -0.2437393 0.0001923144 0.1316747 -0.0002506972 -0.991293
0.02360396 0.2347682 -0.2426494 0.002625853 0.1320727 0.0003019572 -0.9912365
0.02324777 0.2374837 -0.2425381 0.005367845 0.1317917 0.001163155 -0.9912622
0.02271619 0.2398922 -0.2414198 0.007301197 0.1302596 0.001904696 -0.9914512
0.02218464 0.2421185 -0.2402181 0.009351373 0.128019 0.002403289 -0.9917247
0.02233476 0.2443117 -0.2403575 0.01187284 0.1271497 0.003074706 -0.9918077
0.02188917 0.2463341 -0.2396454 0.01455353 0.1278086 0.003973753 -0.9916841
0.02157369 0.2482602 -0.2391494 0.01744811 0.1298973 0.0048666 -0.991362
0.02092221 0.2504299 -0.2386312 0.02036566 0.133325 0.006071449 -0.9908445
0.02062526 0.2524182 -0.2384091 0.02339102 0.1363614 0.007464291 -0.9903548
0.02034172 0.2543943 -0.2382392 0.02630017 0.1383173 0.008431494 -0.9900028
0.02044869 0.2567649 -0.2381732 0.02929285 0.1387833 0.009078086 -0.9898478
0.02010764 0.2587915 -0.2379556 0.03205691 0.1385601 0.009709626 -0.9897875
0.0197725 0.2608601 -0.2377656 0.03432839 0.1387121 0.0105148 -0.9896818
0.02007898 0.2637616 -0.238311 0.03672629 0.1393373 0.01148367 -0.9894971
0.01982699 0.2658778 -0.238439 0.0395532 0.1401873 0.01239151 -0.9892571
0.01964564 0.2679223 -0.2386679 0.04221509 0.140607 0.01295263 -0.9890803
0.02012985 0.2696452 -0.2399473 0.04432907 0.1402739 0.01364556 -0.9890258
0.02000271 0.27148 -0.2403599 0.04654516 0.1392581 0.0142006 -0.9890597
0.01992201 0.2730462 -0.2409699 0.04895323 0.1384455 0.01455742 -0.9890524
0.01979501 0.2748105 -0.2416128 0.05163351 0.1382122 0.01517901 -0.9889393
0.01974579 0.2760642 -0.2425706 0.05372503 0.1382332 0.01576951 -0.9888157
0.01974318 0.2770655 -0.2435985 0.05542573 0.1386462 0.01608819 -0.9886589
0.02037885 0.2781926 -0.2444393 0.05707748 0.1393242 0.01606998 -0.9884699
0.02054195 0.2786947 -0.2454451 0.05902496 0.1399765 0.01593012 -0.9882656
0.0206804 0.2789598 -0.2463799 0.06039765 0.1401706 0.01554376 -0.9881613
0.02050363 0.2802849 -0.2464028 0.06117476 0.1395105 0.01476386 -0.9882188
0.02061602 0.2802406 -0.2469482 0.06142523 0.1385148 0.01377404 -0.9883577
0.0207228 0.2800524 -0.2474255 0.0615975 0.1380312 0.01280901 -0.9884276
0.02063345 0.2801558 -0.248388 0.06173575 0.1380134 0.01207078 -0.9884307
0.02073586 0.2797207 -0.2486909 0.06134541 0.1379042 0.01136196 -0.9884787
0.02085465 0.2791558 -0.2489147 0.06122595 0.1378671 0.01081708 -0.9884974
0.02060385 0.2796199 -0.2496929 0.06093832 0.1384659 0.01041573 -0.9884358
0.02072968 0.2787893 -0.2498676 0.05991363 0.1395569 0.009868593 -0.9883506
0.02079977 0.2778101 -0.2498251 0.05881899 0.1402626 0.009533883 -0.9883197
0.02054901 0.2778703 -0.2502922 0.05742636 0.140284 0.009237053 -0.9884014
0.02040809 0.2765853 -0.2499008 0.05527288 0.139834 0.008762004 -0.9885923
0.02020335 0.2750894 -0.2492724 0.05290479 0.139108 0.008041888 -0.9888303
0.02002351 0.2751547 -0.2505617 0.05008812 0.1383904 0.006918909 -0.9890862
0.01983944 0.2734562 -0.2499233 0.047421 0.1380196 0.006038726 -0.9892752
0.01968261 0.271579 -0.2492362 0.04452518 0.1376621 0.005095571 -0.9894649
0.01786073 0.2705801 -0.2479043 0.04125677 0.1375557 0.004273683 -0.9896252
0.01760779 0.2684521 -0.2473076 0.03815138 0.1378965 0.00383848 -0.9897042
0.01725155 0.2661755 -0.2465843 0.03449123 0.1381748 0.003468603 -0.989801
0.01653274 0.2649484 -0.2448709 0.03077415 0.1380761 0.002862692 -0.9899393
0.01627813 0.2623935 -0.2439319 0.02740787 0.1381775 0.001902432 -0.9900264
0.01605633 0.2596346 -0.2428558 0.02340828 0.138147 0.0004733205 -0.990135
0.0155628 0.2584763 -0.2411605 0.01886272 0.1381418 -0.0008941889 -0.9902324
0.01516528 0.2558216 -0.2399012 0.01418747 0.1382911 -0.001856148 -0.9902883
0.01465971 0.2531805 -0.2385328 0.01027212 0.1381417 -0.002505959 -0.9903561
0.01337902 0.2510962 -0.236949 0.00612563 0.1382152 -0.003042341 -0.9903786
0.0128541 0.2486729 -0.2354945 0.002035342 0.1382683 -0.00363046 -0.9903861
0.01231234 0.246394 -0.2340031 -0.002079606 0.1383828 -0.004064143 -0.9903683
0.01136128 0.244045 -0.2309401 -0.006014988 0.1383322 -0.004458637 -0.9903576
0.01091709 0.2417689 -0.2294164 -0.009914801 0.13773 -0.005123705 -0.990407
0.01045759 0.2395112 -0.2279646 -0.01355659 0.1369147 -0.005592883 -0.9904743
0.01016065 0.2370956 -0.226024 -0.01767375 0.1369078 -0.006040067 -0.9904077
0.00976751 0.2347894 -0.2247372 -0.02213613 0.1381553 -0.006136984 -0.9901441
0.009388503 0.2324194 -0.2235047 -0.02667509 0.1393871 -0.006130189 -0.9898596
0.009969021 0.2295495 -0.2230267 -0.03115623 0.139638 -0.006833434 -0.9896888
0.009745268 0.2269751 -0.2219332 -0.03591524 0.1396003 -0.008082003 -0.9895234
0.009508315 0.2244088 -0.2209646 -0.04085192 0.1394817 -0.008959056 -0.9893411
0.009256109 0.2210833 -0.2208954 -0.04580672 0.1392165 -0.009476901 -0.9891565
0.009130855 0.2184656 -0.2204407 -0.05072488 0.1390951 -0.009958627 -0.9889289
0.009185029 0.2158714 -0.220296 -0.0553798 0.1393238 -0.01050964 -0.9886413
0.009479541 0.2124978 -0.2196833 -0.05946269 0.1405308 -0.01076296 -0.9882305
0.009633668 0.210107 -0.2200785 -0.06340238 0.142472 -0.01044238 -0.9877109
0.009807836 0.2079381 -0.2206956 -0.06709923 0.1440175 -0.01013539 -0.9872457
0.01051828 0.2050057 -0.2225701 -0.0696518 0.144766 -0.009725213 -0.9869635
0.010955 0.2032775 -0.2234068 -0.07235289 0.1449801 -0.009455622 -0.9867403
0.01146614 0.201679 -0.2241404 -0.07536236 0.1446204 -0.009372295 -0.9865686
0.01208626 0.1992037 -0.2249541 -0.07807712 0.1445565 -0.008975864 -0.9863705
0.01280206 0.1979121 -0.2258759 -0.08037301 0.1447893 -0.008550675 -0.9861557
0.01359123 0.1966252 -0.2268236 -0.08292886 0.1455509 -0.008515687 -0.9858323
0.01392556 0.1938471 -0.2275515 -0.08625777 0.1460892 -0.009052307 -0.9854621
0.01463417 0.1923008 -0.2283156 -0.0898044 0.1463063 -0.01004779 -0.9851034
0.01527934 0.1905971 -0.2289994 -0.09296463 0.1459598 -0.01114062 -0.9848499
0.01478893 0.1870368 -0.2288969 -0.0967916 0.1453241 -0.01220051 -0.9845626
0.01515787 0.1849263 -0.2291458 -0.102008 0.1443003 -0.01325637 -0.9841728
0.01541829 0.1828986 -0.2290677 -0.1070437 0.1426913 -0.01399952 -0.9838622
0.01512179 0.1799092 -0.2285497 -0.1114898 0.1416485 -0.01414818 -0.983517
0.01535111 0.1782153 -0.2281916 -0.1154411 0.141133 -0.01409003 -0.983136
0.01558131 0.1766565 -0.2277326 -0.1190681 0.1404841 -0.01433036 -0.9827928
0.0156348 0.1739883 -0.2262136 -0.1224967 0.1400493 -0.0146639 -0.9824286
0.01592433 0.1724561 -0.2256723 -0.1254807 0.1397129 -0.01468757 -0.9820994
0.01616047 0.1708781 -0.2249804 -0.1285855 0.1388238 -0.01464957 -0.9818244
0.01700001 0.1681589 -0.2245899 -0.1318803 0.1382992 -0.01448715 -0.9814637
0.01723173 0.1663835 -0.2237781 -0.1352173 0.1379516 -0.01437798 -0.9810601
0.01745192 0.1645665 -0.2230332 -0.1386407 0.1379193 -0.01456461 -0.980584
0.0191099 0.1603195 -0.2223602 -0.1422851 0.1384764 -0.01475856 -0.9799803
0.01923879 0.1584226 -0.2216299 -0.1460361 0.1391041 -0.01540333 -0.9793295
0.01938258 0.1565832 -0.2210019 -0.1493414 0.1397617 -0.01611188 -0.9787259
0.0186215 0.1535399 -0.2202118 -0.1522121 0.1404172 -0.01655242 -0.9781823
0.01855857 0.1519822 -0.2196599 -0.1548999 0.1407976 -0.01679427 -0.9777014
0.01836936 0.1506741 -0.2190489 -0.1572372 0.1406853 -0.01699615 -0.9773409
0.01812088 0.1482083 -0.218426 -0.1591626 0.1403657 -0.01703483 -0.9770745
0.01780223 0.1473408 -0.2179194 -0.1602833 0.1400725 -0.01694483 -0.976935
0.01746161 0.1467589 -0.2174191 -0.1610959 0.1398679 -0.01693461 -0.9768308
0.01727379 0.1457011 -0.2170124 -0.1610309 0.1399878 -0.01678717 -0.9768268
0.01701728 0.1457741 -0.2164019 -0.1605486 0.1403817 -0.01647309 -0.976855
0.01673178 0.1462677 -0.2156693 -0.1599086 0.140415 -0.01617596 -0.9769602
0.01671736 0.1470591 -0.2154689 -0.1586427 0.1397978 -0.01588497 -0.9772598
0.01641281 0.1483435 -0.2148174 -0.1564379 0.1392637 -0.01540661 -0.9776991
0.01622004 0.1499608 -0.2142772 -0.1539817 0.1393972 -0.01477972 -0.9780796
0.01702522 0.150915 -0.2148165 -0.1510535 0.140201 -0.01397935 -0.978433
0.01703374 0.1528754 -0.2144464 -0.1480325 0.1412898 -0.01321042 -0.9787487
0.01689941 0.1548877 -0.213945 -0.1451772 0.1418105 -0.01292408 -0.9791049
0.01742161 0.155331 -0.2126019 -0.1419116 0.1422167 -0.01295072 -0.9795243
0.01723431 0.1574731 -0.2121697 -0.1382433 0.1426949 -0.01300728 -0.9799784
0.01705303 0.1597393 -0.2118021 -0.1345593 0.1429864 -0.01309216 -0.9804475
0.0170091 0.1615905 -0.2142477 -0.1302593 0.142699 -0.01324406 -0.9810678
0.01686583 0.1639735 -0.2143085 -0.1260892 0.1427458 -0.01324964 -0.9816056
0.01667012 0.1663362 -0.2145212 -0.1219537 0.1429185 -0.01290107 -0.9821075
0.01662675 0.1684849 -0.2177047 -0.1180173 0.1427633 -0.01254872 -0.9826154
0.01645094 0.1706484 -0.2185156 -0.1140735 0.1430624 -0.0121983 -0.983042
0.01632169 0.1727294 -0.2196279 -0.1103291 0.1438381 -0.01174239 -0.9833617
0.01745588 0.1749863 -0.223187 -0.1066433 0.144325 -0.01122895 -0.9837029
0.01771786 0.1768234 -0.2250224 -0.1028926 0.1442926 -0.01111305 -0.9841084
0.01804036 0.1785218 -0.2270107 -0.09946443 0.1441839 -0.01119784 -0.9844757
0.0192734 0.1802716 -0.2295387 -0.09578809 0.1444889 -0.01107711 -0.9847969
0.0198253 0.1817993 -0.2318972 -0.0923406 0.1451879 -0.01079902 -0.9850265
0.02045761 0.1832127 -0.2343583 -0.08912642 0.1458898 -0.01025146 -0.9852246
0.02032068 0.1853673 -0.2343068 -0.08641726 0.146025 -0.009935619 -0.9854492
0.02100794 0.1864537 -0.2363916 -0.08396839 0.1453245 -0.009737523 -0.9857664
0.02166853 0.1873614 -0.2384824 -0.08134875 0.1445681 -0.009395779 -0.9861005
0.02171613 0.1889711 -0.2386557 -0.07951268 0.1442728 -0.009184898 -0.9862955
0.02237752 0.189626 -0.2406576 -0.07839314 0.144379 -0.009042771 -0.9863709
0.0230497 0.190187 -0.2425627 -0.07663815 0.1443124 -0.00865975 -0.986522
0.02307837 0.1914126 -0.243126 -0.07452808 0.1438477 -0.008232982 -0.9867551
0.02365696 0.191806 -0.2447428 -0.07306402 0.1438897 -0.007953704 -0.9868608
0.02425814 0.1920797 -0.2463337 -0.07222798 0.1446217 -0.007912489 -0.9868157
0.02088151 0.1930943 -0.2469696 -0.07172143 0.145182 -0.007901103 -0.9867704
0.02131199 0.1931996 -0.2484882 -0.07119799 0.1451711 -0.007651002 -0.9868119
0.02176962 0.1931272 -0.249867 -0.07132139 0.1442776 -0.007522197 -0.986935
0.02183873 0.1924564 -0.2499878 -0.07119888 0.1428538 -0.007284403 -0.9871528
0.02219725 0.1923372 -0.2513296 -0.07039478 0.1414371 -0.007070572 -0.9874159
0.0225421 0.1923645 -0.2526233 -0.06845366 0.1401973 -0.006936282 -0.9877301
0.02284121 0.1920537 -0.2524516 -0.06666404 0.1394899 -0.006996722 -0.9879522
0.02326632 0.1922884 -0.2536365 -0.06535538 0.1398633 -0.007028581 -0.9879866
0.02363705 0.1926481 -0.2547945 -0.0633233 0.1408795 -0.006575585 -0.9879777
0.02417897 0.1926092 -0.2547119 -0.06149984 0.1419752 -0.006166846 -0.9879386
0.02451447 0.1927558 -0.2556194 -0.06051433 0.1435154 -0.005873501 -0.9877787
0.02479897 0.1927604 -0.256352 -0.0605868 0.1446076 -0.005909503 -0.9876148
0.0251398 0.1924018 -0.2565996 -0.06120266 0.145127 -0.006265462 -0.9874984
0.02520263 0.1922158 -0.2569373 -0.06213268 0.145262 -0.006597251 -0.9874184
0.02517071 0.1919806 -0.2570731 -0.06286369 0.1455124 -0.00680241 -0.9873338
0.02534828 0.1914769 -0.2571704 -0.06324085 0.1460115 -0.006945909 -0.9872351
0.02525146 0.1910702 -0.2570168 -0.06366459 0.1466244 -0.006877363 -0.9871174
0.02509053 0.1906359 -0.2567717 -0.0640998 0.1470195 -0.006665946 -0.987032
0.02496335 0.1901764 -0.2564688 -0.06449983 0.1478033 -0.006456644 -0.9868903
0.02488589 0.1899126 -0.2561907 -0.06486839 0.1488509 -0.006340504 -0.9867094
0.02468086 0.1897613 -0.2558067 -0.06490494 0.1496014 -0.006130606 -0.9865947
0.02365997 0.1896962 -0.2550639 -0.0650443 0.1497693 -0.006352961 -0.9865587
0.02321636 0.1895396 -0.2544292 -0.06565839 0.1499813 -0.006866038 -0.9864824
0.02270667 0.1894198 -0.2538742 -0.06568716 0.1506309 -0.007011117 -0.9863805
0.02240659 0.1896107 -0.2540874 -0.06506492 0.1517515 -0.006858976 -0.986251
0.02167438 0.1896694 -0.2539115 -0.06457272 0.1537311 -0.00675723 -0.9859774
0.02069108 0.1897613 -0.2538719 -0.06443392 0.156511 -0.006851674 -0.9855484
0.01962521 0.1898587 -0.2547008 -0.06433298 0.1594424 -0.006990314 -0.985084
0.01813237 0.1899733 -0.2550308 -0.06376246 0.1626562 -0.007064402 -0.9845951
0.016487 0.1899863 -0.2554122 -0.06364045 0.1662505 -0.007377983 -0.9840001
0.01484452 0.1892258 -0.2560966 -0.06404399 0.1701642 -0.007709564 -0.9833022
0.01297916 0.1892072 -0.2566562 -0.06363552 0.1744007 -0.007659346 -0.9825866
0.01105189 0.1891896 -0.2574197 -0.06332739 0.1792371 -0.007495881 -0.981737
0.009692192 0.1898935 -0.2591279 -0.06318972 0.1847335 -0.007044435 -0.9807298
0.007742171 0.1899029 -0.2600021 -0.06334109 0.190017 -0.006465585 -0.9797141
0.005902572 0.1898903 -0.2608582 -0.06317232 0.1950232 -0.00575912 -0.9787452
0.006249891 0.1906104 -0.2632089 -0.06294927 0.1997102 -0.005182356 -0.9778172
0.004723978 0.1905412 -0.2638932 -0.06285679 0.2037266 -0.004760385 -0.9769964
0.003212553 0.1904556 -0.2645034 -0.06292609 0.2075206 -0.004364223 -0.9761949
0.003430971 0.1905402 -0.2659225 -0.06311631 0.2120558 -0.003886849 -0.9752095
0.002215122 0.1905506 -0.266736 -0.06326314 0.2166175 -0.003288031 -0.9741991
0.001050953 0.1905872 -0.2674655 -0.063267 0.2205385 -0.002845943 -0.9733201
0.0001053088 0.1906446 -0.2677439 -0.06312926 0.2240944 -0.002599865 -0.9725172
-0.0009366255 0.190651 -0.2683783 -0.06296715 0.227719 -0.002437264 -0.9716858
-0.001883794 0.1905747 -0.2689837 -0.06345277 0.2316116 -0.002256036 -0.9707341
-0.00298548 0.1904836 -0.2690471 -0.06368496 0.23486 -0.001906306 -0.9699389
-0.003864493 0.1901209 -0.2692761 -0.06400739 0.2373316 -0.00177303 -0.9693161
-0.004680012 0.1896372 -0.2693842 -0.06463683 0.2397668 -0.001767367 -0.9686748
-0.005616705 0.1894023 -0.2691123 -0.06533115 0.2425226 -0.001628995 -0.9679421
-0.00655132 0.1888815 -0.2689146 -0.06601674 0.2449807 -0.00147742 -0.9672766
-0.007485837 0.1883212 -0.2686514 -0.06701384 0.2471663 -0.001615405 -0.9666517
-0.008322728 0.1879936 -0.2684486 -0.06778939 0.2497829 -0.001642138 -0.9659246
-0.009167986 0.1875345 -0.2680621 -0.06859832 0.2524349 -0.001547635 -0.965178
-0.01002265 0.1870665 -0.2675079 -0.06971075 0.2548936 -0.001591623 -0.9644517
-0.01039125 0.1866162 -0.2673579 -0.07047219 0.2569994 -0.001640528 -0.9638373
-0.0111497 0.1862456 -0.2667705 -0.07108265 0.2593145 -0.001577735 -0.9631723
-0.01183704 0.1859878 -0.2661237 -0.07160053 0.2619929 -0.001471341 -0.962409
-0.0133546 0.1862375 -0.2643141 -0.07208638 0.2645821 -0.001443535 -0.9616641
-0.01416978 0.1861268 -0.2633165 -0.07212003 0.2659766 -0.001724661 -0.9612764
-0.0149247 0.1859728 -0.2622283 -0.07219386 0.2672027 -0.002134741 -0.9609299
-0.01483826 0.1861537 -0.2620328 -0.07239246 0.2693836 -0.002199561 -0.9603057
-0.01543766 0.1859966 -0.2608815 -0.07287143 0.2719393 -0.002000809 -0.9595493
-0.01602983 0.1858451 -0.2595238 -0.07261191 0.2735703 -0.001437605 -0.9591062
-0.01707495 0.1873574 -0.2609213 -0.07316565 0.27444 -0.001297295 -0.9588158
-0.01748507 0.1872688 -0.2596805 -0.07387289 0.2756736 -0.001293242 -0.9584077
-0.01779019 0.1872355 -0.2584763 -0.07445431 0.2772421 -0.001045168 -0.9579104
-0.01792872 0.1870902 -0.2567973 -0.07469459 0.2784565 -0.0006628037 -0.9575397
-0.01811873 0.187273 -0.2556429 -0.07442025 0.278871 -0.0005378723 -0.9574405
-0.01824611 0.1875089 -0.2545301 -0.07423831 0.2787451 -0.0006605983 -0.9574912
-0.01831797 0.18723 -0.2532426 -0.07345613 0.278488 -0.000548184 -0.9576264
-0.01844764 0.1874886 -0.2523763 -0.07318634 0.2787085 -0.0003011823 -0.957583
-0.01868155 0.1876803 -0.2515001 -0.07316332 0.2790523 -0.0002720058 -0.9574847
-0.01927031 0.1873114 -0.2498407 -0.07348411 0.2789758 -0.0005968214 -0.9574823
-0.01949371 0.1873659 -0.2490032 -0.07335602 0.2785083 -0.0007291437 -0.9576281
-0.01957381 0.1874468 -0.2482776 -0.07270883 0.278542 -0.000564009 -0.9576678
-0.01968467 0.1870929 -0.2462809 -0.07226179 0.2787818 -0.0005306304 -0.9576318
-0.01964011 0.1870898 -0.2454266 -0.07237274 0.2781806 -0.0007759334 -0.9577981
-0.01954626 0.1871388 -0.24457 -0.07176445 0.2766515 -0.001068831 -0.9582863
-0.01962478 0.1871308 -0.2436248 -0.07104549 0.2744927 -0.001787722 -0.9589593
-0.01934388 0.1871687 -0.242701 -0.07072973 0.2722743 -0.002544135 -0.9596132
-0.0189835 0.1872475 -0.2416747 -0.07022477 0.2698906 -0.003043771 -0.960322
-0.01878364 0.1871359 -0.2403556 -0.07009293 0.2672642 -0.003786147 -0.9610633
-0.01814844 0.1871209 -0.2392088 -0.07004153 0.2645792 -0.004437417 -0.9618068
-0.01741132 0.1871159 -0.2380969 -0.06966042 0.2616382 -0.004654527 -0.9626377
-0.01629471 0.1866881 -0.2372806 -0.06938242 0.2582819 -0.004790992 -0.963563
-0.0152982 0.1866781 -0.236185 -0.06908022 0.2545993 -0.004903793 -0.9645637
-0.01423397 0.1867008 -0.2350269 -0.0685354 0.2507781 -0.00466162 -0.9656042
-0.01248443 0.1870968 -0.2347132 -0.0687163 0.2470457 -0.004400313 -0.9665543
-0.01120433 0.1871859 -0.2334721 -0.06890535 0.2430195 -0.004074157 -0.9675624
-0.009870175 0.1872741 -0.2321587 -0.06905578 0.2383818 -0.00373295 -0.9687061
-0.008799553 0.1875804 -0.2312793 -0.06913723 0.2335229 -0.003507287 -0.9698839
-0.007208988 0.1876493 -0.2301996 -0.06927906 0.2291695 -0.003212184 -0.9709127
-0.005558681 0.1877209 -0.2293242 -0.06991927 0.2254306 -0.002624899 -0.9717435
-0.004817189 0.1873456 -0.2276004 -0.06979887 0.2219106 -0.001685947 -0.9725641
-0.003496165 0.1874242 -0.2269727 -0.06932164 0.2182521 -0.0008883774 -0.9734268
-0.0022652 0.1874073 -0.2264693 -0.06968097 0.2144427 -0.0006715655 -0.9742476
-9.133993E-05 0.186284 -0.225633 -0.06957499 0.2106451 -0.0004127026 -0.9750835
0.0009885798 0.1862969 -0.2254565 -0.06893717 0.207536 -9.247662E-05 -0.9757953
0.001977285 0.1863152 -0.2253263 -0.06865475 0.2049027 1.609325E-05 -0.9763715
0.003629338 0.1863221 -0.2251809 -0.06844843 0.2028678 0.0001415312 -0.9768109
0.004483509 0.1863916 -0.2252265 -0.06836765 0.2012714 0.0003664196 -0.9771467
0.005225929 0.1864752 -0.2253251 -0.06821118 0.1995824 0.0006663204 -0.9775038
0.006335512 0.1861053 -0.2248363 -0.06851946 0.1974593 0.0007066429 -0.9779133
0.007044937 0.1861347 -0.2251479 -0.06893752 0.1957924 0.0007271171 -0.978219
0.00783565 0.1861565 -0.225706 -0.06875482 0.1947498 0.001003116 -0.9784397
0.008970688 0.1859684 -0.2255465 -0.0687594 0.1935384 0.00125581 -0.9786795
0.009872293 0.1858958 -0.2261575 -0.06906731 0.1916196 0.0009806752 -0.9790356
0.01087993 0.1857194 -0.2268332 -0.06947275 0.1891064 0.0001534224 -0.9794959
0.0118279 0.1857309 -0.2256563 -0.06967719 0.1866716 -0.0006313027 -0.9799482
0.0129075 0.1855453 -0.2264605 -0.06994894 0.1840216 -0.00134331 -0.9804292
0.01397654 0.1854472 -0.227218 -0.06998996 0.1814878 -0.001914322 -0.9808975
0.01539765 0.1850645 -0.2289018 -0.07064324 0.1795538 -0.002415776 -0.9812055
0.01661554 0.1851028 -0.2299459 -0.07068289 0.1777228 -0.002657354 -0.9815353
0.01790734 0.1852048 -0.2309315 -0.06983151 0.1751976 -0.002576709 -0.9820503
0.01913691 0.1856742 -0.2328165 -0.06939154 0.1721389 -0.002406687 -0.9826226
0.02062117 0.1858074 -0.233563 -0.06963368 0.1693822 -0.00216499 -0.983085
0.0221732 0.1860056 -0.234277 -0.06927767 0.1667752 -0.001616746 -0.9835569
0.02358649 0.1864924 -0.2353979 -0.06879539 0.1636812 -0.00104779 -0.9841111
0.02550201 0.1866845 -0.2357693 -0.06850255 0.1596542 -0.0007379949 -0.9847931
0.02757978 0.1868865 -0.2360024 -0.0683629 0.1551526 -0.0005422533 -0.9855222
0.02946705 0.1872606 -0.2369822 -0.06807316 0.1501955 -0.0002725125 -0.9863099
0.03175612 0.1875728 -0.2371072 -0.0676089 0.1450129 0.0002713204 -0.9871172
0.03409396 0.1878497 -0.2371203 -0.06735292 0.1396757 0.0008999407 -0.9879036
0.03617145 0.1875139 -0.2369736 -0.067621 0.1343795 0.00152269 -0.9886189
0.03853374 0.1876316 -0.2368918 -0.06766704 0.1291308 0.002281994 -0.9893135
0.04097639 0.1876641 -0.236705 -0.06771062 0.1237322 0.002897442 -0.9899986
0.0432207 0.1878531 -0.2364647 -0.06819765 0.1184393 0.003339977 -0.990611
0.04564766 0.187911 -0.2361829 -0.06868023 0.1134122 0.003887951 -0.9911638
0.04804714 0.1880124 -0.2358627 -0.06879219 0.1082068 0.004448027 -0.9917355
0.05088354 0.1860301 -0.2396291 -0.06874191 0.1024268 0.005300463 -0.9923484
0.05329454 0.1860366 -0.2393004 -0.0688519 0.09722002 0.005761981 -0.9928617
0.05561916 0.1860136 -0.2389098 -0.06883749 0.09218562 0.006139101 -0.9933406
0.05705319 0.1852349 -0.2388017 -0.06888058 0.08654321 0.006233425 -0.9938445
0.05919939 0.1851344 -0.2382773 -0.06911419 0.08040542 0.005974323 -0.9943453
0.06128272 0.1850102 -0.2377657 -0.06945372 0.0743937 0.00569883 -0.9947911
0.06298469 0.1844187 -0.2381888 -0.06985988 0.06949738 0.00561616 -0.9951172
0.06495859 0.1843324 -0.2380158 -0.07019949 0.06524573 0.005698949 -0.9953806
0.06684513 0.1842699 -0.2378033 -0.07046536 0.06097556 0.005971104 -0.995631
0.06790186 0.1829321 -0.2390211 -0.07058554 0.0570183 0.006210477 -0.9958555
0.06952617 0.1828316 -0.2388491 -0.07078917 0.05336485 0.006445319 -0.996042
0.07098498 0.1827898 -0.2385509 -0.07095407 0.04900296 0.006593227 -0.9962534
0.07267579 0.1822536 -0.2395521 -0.07103912 0.04424671 0.00642252 -0.996471
0.07403868 0.1821926 -0.2394428 -0.07145463 0.04020074 0.006069213 -0.9966149
0.07535237 0.1821452 -0.2394205 -0.07162181 0.03677166 0.005828321 -0.9967368
0.07748513 0.1811632 -0.2392557 -0.07153279 0.03325148 0.005767674 -0.9968672
0.07864907 0.1811594 -0.2391104 -0.07146216 0.02946815 0.005595565 -0.9969922
0.07962929 0.1811532 -0.2389242 -0.0711608 0.02556691 0.005265028 -0.9971232
0.08103678 0.1803705 -0.2380107 -0.07109881 0.02170218 0.004848063 -0.9972214
0.08187108 0.1803448 -0.2379074 -0.0711856 0.01799669 0.004318625 -0.9972914
0.08263512 0.1802937 -0.237827 -0.07107177 0.01442311 0.003812432 -0.9973596
0.08304286 0.1799994 -0.2357353 -0.07093602 0.01101918 0.003287941 -0.9974146
0.08371552 0.1798574 -0.2354297 -0.07125843 0.00793284 0.002781868 -0.9974225
0.08432798 0.1797553 -0.235212 -0.07137297 0.005214274 0.002527386 -0.9974329
0.08472679 0.1793993 -0.2328227 -0.07134443 0.002406184 0.002418548 -0.9974459
0.08529067 0.1793248 -0.2323399 -0.07135917 -0.0008461439 0.00214833 -0.997448
0.08585748 0.1792815 -0.2318666 -0.0715525 -0.004010968 0.001832485 -0.9974271
0.08636735 0.1784513 -0.2292511 -0.07143901 -0.006893401 0.00171721 -0.9974197
0.08684476 0.1784482 -0.2287191 -0.07134645 -0.01003196 0.001546681 -0.9974
0.08726455 0.1784156 -0.2281498 -0.07154958 -0.01340339 0.001241982 -0.9973462
0.08721636 0.1777889 -0.2256562 -0.07149678 -0.01657302 0.0009087921 -0.9973027
0.08761188 0.1777134 -0.2251565 -0.07146227 -0.01942896 0.0006192923 -0.9972539
0.08798107 0.1775736 -0.2245291 -0.0714874 -0.02235076 0.0004660487 -0.997191
0.08770464 0.1772014 -0.2219751 -0.07178788 -0.02504579 0.0005289316 -0.9971052
0.08778036 0.1769512 -0.2211162 -0.07251558 -0.02735327 0.0005829931 -0.9969919
0.08779438 0.1767137 -0.220428 -0.07272889 -0.02920279 0.0004372299 -0.996924
0.0877576 0.1763486 -0.2199654 -0.07292525 -0.03070066 0.0003569722 -0.9968647
0.08754421 0.1762317 -0.2194951 -0.07300963 -0.03203647 0.0003890098 -0.9968165
0.08720022 0.176143 -0.2189978 -0.07295384 -0.03349144 0.0003305972 -0.9967728
0.08680397 0.1758314 -0.2188567 -0.07280006 -0.03494904 0.0002183318 -0.996734
0.08599426 0.1757364 -0.2183655 -0.0729432 -0.0354638 0.0002831519 -0.9967054
0.08496634 0.1756672 -0.2179997 -0.07322695 -0.03473959 0.0004410148 -0.99671
0.08391869 0.1749348 -0.2164438 -0.07312538 -0.03399321 0.0004593432 -0.9967431
0.08255407 0.1749255 -0.2157957 -0.07320609 -0.03330939 0.000436306 -0.9967604
0.08092644 0.1749845 -0.2151626 -0.0733429 -0.03201636 0.0005009473 -0.9967926
0.07970705 0.1751105 -0.214708 -0.07301814 -0.02974887 0.0002551675 -0.9968868
0.07777377 0.1753883 -0.2141697 -0.07164838 -0.02709718 -0.0004342795 -0.9970617
0.07559855 0.1758566 -0.2135493 -0.06781848 -0.02286887 -0.001806826 -0.997434
0.07414634 0.1756566 -0.2124584 -0.06671336 -0.01799132 -0.004091919 -0.9976016
0.07176682 0.176064 -0.212236 -0.06842873 -0.01186217 -0.006119491 -0.9975668
0.06929194 0.1764265 -0.2121137 -0.07053317 -0.006006662 -0.006468207 -0.9974704
0.06703626 0.1763718 -0.21141 -0.07065772 -0.0004548915 -0.005806595 -0.9974836
0.06480646 0.176284 -0.2115413 -0.07079452 0.005440825 -0.005001397 -0.9974635
0.06275336 0.1759985 -0.211776 -0.07055707 0.01190983 -0.004540593 -0.9974263
0.06024546 0.175325 -0.2113699 -0.07127472 0.01683102 -0.004619897 -0.997304
0.05845811 0.175048 -0.2113184 -0.07223754 0.019903 -0.004863173 -0.997177
0.05677658 0.1747997 -0.2113104 -0.07267406 0.02346598 -0.004867644 -0.9970677
0.05457458 0.1743654 -0.2101614 -0.07284162 0.02696942 -0.005131544 -0.9969656
0.05318759 0.1743467 -0.2102365 -0.07239043 0.02835101 -0.006321341 -0.9969533
0.05200417 0.1744428 -0.2103911 -0.0726399 0.02806147 -0.007979066 -0.9969315
0.05061356 0.1747115 -0.211071 -0.07288487 0.02900463 -0.009211838 -0.9968759
0.04979752 0.1751302 -0.211582 -0.07130607 0.03179351 -0.009743781 -0.9969
0.0490887 0.1756672 -0.2122862 -0.07025141 0.03448689 -0.01033238 -0.9968795
0.04847682 0.1759029 -0.2122306 -0.06918258 0.037623 -0.01029459 -0.9968412
0.04788842 0.1761672 -0.2125818 -0.06753232 0.03948391 -0.01064679 -0.9968787
0.04724554 0.1763461 -0.2128856 -0.06696071 0.04011779 -0.01148054 -0.9968827
0.04583826 0.1751783 -0.2121993 -0.0655523 0.04133924 -0.0117245 -0.9969235
0.04512927 0.1752407 -0.2124795 -0.06457074 0.04359918 -0.01164016 -0.9968923
0.04441564 0.1753079 -0.2128773 -0.06340528 0.04643392 -0.01104626 -0.9968458
0.04334172 0.1753366 -0.2135984 -0.06382538 0.04949423 -0.01050153 -0.9966777
0.04265508 0.1751504 -0.2139966 -0.06390438 0.05249199 -0.009128959 -0.9965327
0.04194174 0.1748335 -0.2143199 -0.06407753 0.05522656 -0.0076333 -0.9963864
0.04103963 0.1747452 -0.2152504 -0.06484809 0.05790419 -0.005981208 -0.9961958
0.04026013 0.1743071 -0.2159185 -0.06625838 0.05988979 -0.005150259 -0.9959902
0.03935389 0.1739104 -0.2166224 -0.06850024 0.06185956 -0.004805565 -0.9957199
0.03871531 0.1741339 -0.2179845 -0.07071102 0.06517953 -0.004326106 -0.9953557
0.03756881 0.1738827 -0.2187579 -0.07229695 0.06824816 -0.004011959 -0.9950373
0.03624565 0.1736933 -0.2196773 -0.07432038 0.07048651 -0.00492251 -0.9947281
0.0346926 0.1742089 -0.2212068 -0.07485858 0.07101635 -0.006333739 -0.994642
0.03279286 0.1742274 -0.2220501 -0.07521001 0.07114517 -0.007468611 -0.9945984
0.03075208 0.1741866 -0.2229366 -0.07638466 0.07229868 -0.008028478 -0.9944214
0.02919858 0.1744447 -0.2248066 -0.07419477 0.07572841 -0.006418556 -0.9943436
0.02690185 0.174425 -0.2256352 -0.07138353 0.08076956 -0.004701317 -0.9941623
0.02430732 0.1744025 -0.2262087 -0.06996338 0.08505394 -0.004110933 -0.9939085
0.02185294 0.1743073 -0.2274583 -0.07047546 0.08886181 -0.004366935 -0.993538
0.01871381 0.1743142 -0.2277864 -0.0701377 0.09168889 -0.005547465 -0.9932991
0.01530071 0.1744214 -0.2280383 -0.06932229 0.09401609 -0.006011993 -0.9931361
0.01265971 0.1756209 -0.2295597 -0.0681627 0.09684608 -0.005550415 -0.992947
0.008658079 0.1760118 -0.2298587 -0.0658287 0.09797315 -0.005625189 -0.9929935
0.00437434 0.1764452 -0.2302074 -0.06456398 0.09869324 -0.005448431 -0.9930063
0.000472541 0.1768684 -0.2308175 -0.06541595 0.1000141 -0.004079313 -0.9928249
-0.003810337 0.1770713 -0.231731 -0.06825729 0.100666 -0.00294134 -0.9925718
-0.008009152 0.1772926 -0.2329194 -0.07032883 0.09926474 -0.002185136 -0.9925702
-0.01165284 0.1778042 -0.2343216 -0.07326677 0.09598486 -0.0008357763 -0.9926823
-0.01581543 0.1780066 -0.2356473 -0.07590941 0.09257925 0.0002490878 -0.9928076
-0.02003089 0.1781084 -0.2372506 -0.07942098 0.09136949 0.0007489324 -0.9926447
-0.02374855 0.1779446 -0.2375348 -0.08063475 0.09344227 0.0009801687 -0.9923536
-0.02799392 0.1778719 -0.2392434 -0.0805198 0.09470256 0.0008529723 -0.9922436
-0.03238051 0.1775948 -0.2411474 -0.08174125 0.09409302 0.0004914404 -0.9922019
-0.03702401 0.1773908 -0.2437831 -0.08351098 0.09285174 0.0006245375 -0.9921714
-0.0415608 0.1770964 -0.2458355 -0.081699 0.09248669 0.0007646978 -0.9923562
-0.04604824 0.1770182 -0.2479137 -0.0818577 0.09374486 0.001048774 -0.9922249
-0.05081956 0.1770898 -0.2494234 -0.0818272 0.09531716 0.002304495 -0.9920754
-0.05511461 0.1779186 -0.2520685 -0.08370629 0.1000865 0.004287094 -0.9914422
-0.0591134 0.1784334 -0.2547536 -0.08376611 0.1055061 0.004207522 -0.9908754
-0.06373326 0.1792048 -0.2562945 -0.08237132 0.104497 0.003511697 -0.9911019
-0.06776503 0.1797101 -0.2565579 -0.07926702 0.1009513 0.002478063 -0.9917255
-0.07154538 0.1806286 -0.256579 -0.07869546 0.09653935 0.002491206 -0.9922101
-0.07464821 0.1813282 -0.257049 -0.0784217 0.09638607 0.002695352 -0.9922462
-0.07744768 0.1829277 -0.2582117 -0.07559253 0.1005694 0.00364107 -0.9920475
-0.07993776 0.1847827 -0.2590286 -0.07419471 0.1031119 0.005097151 -0.9918857
-0.08237755 0.185653 -0.2579236 -0.07351407 0.1029897 0.005446464 -0.9919472
-0.08414866 0.1863688 -0.2580079 -0.06991228 0.1023433 0.003950775 -0.9922815
-0.08554622 0.1869431 -0.2582324 -0.0672526 0.1022703 0.002685011 -0.9924771
-0.08676132 0.1871319 -0.2624966 -0.06609042 0.1040062 0.0017232 -0.9923769
-0.08783138 0.187318 -0.2632904 -0.0650602 0.1051386 0.0001187623 -0.9923271
-0.0889518 0.1872403 -0.264062 -0.06339645 0.105517 -0.002084077 -0.9923924
-0.09038837 0.1872291 -0.2674946 -0.06243831 0.1081344 -0.003024966 -0.992169
-0.09208814 0.1869843 -0.2691114 -0.06224391 0.1117767 -0.00408125 -0.9917737
-0.09423812 0.1861785 -0.2705751 -0.06179334 0.1147826 -0.005690665 -0.9914505
-0.09612682 0.1858426 -0.2736532 -0.06172578 0.1152517 -0.008075506 -0.9913838
-0.09925742 0.1842825 -0.2744538 -0.06110642 0.1140386 -0.01052299 -0.9915395
-0.1030584 0.1826008 -0.2752471 -0.06149268 0.1121821 -0.01294658 -0.9916987
-0.1067881 0.1818449 -0.2794433 -0.06276231 0.110521 -0.01467797 -0.9917815
-0.1120769 0.1813532 -0.2805337 -0.06382183 0.1078581 -0.01496095 -0.9920028
-0.1179818 0.1810437 -0.2818219 -0.06407028 0.1047349 -0.016134 -0.9923031
-0.1240757 0.1823219 -0.2856025 -0.06285935 0.1024213 -0.01732043 -0.9926019
-0.1315861 0.1819927 -0.2879622 -0.06144657 0.1011675 -0.0183841 -0.9927998
-0.1400481 0.1813989 -0.2907653 -0.06100233 0.1013094 -0.01921171 -0.9927971
-0.1475905 0.1803767 -0.2938364 -0.06071757 0.1022144 -0.01896763 -0.9927264
-0.1582005 0.1799999 -0.2963591 -0.05877696 0.1020059 -0.01790035 -0.9928845
-0.1699674 0.1797795 -0.2983101 -0.05721911 0.09837972 -0.01627663 -0.9933692
-0.1794733 0.1795591 -0.302114 -0.05748608 0.09521469 -0.01427082 -0.9936931
-0.1931765 0.1794838 -0.3047713 -0.05825987 0.09358831 -0.01243627 -0.9938272
-0.2075581 0.1798642 -0.3073665 -0.05684739 0.09250805 -0.009394945 -0.9940435
-0.2219512 0.1795115 -0.3096429 -0.05645001 0.09089686 -0.005835563 -0.994242
-0.2376088 0.1792188 -0.3118098 -0.05924433 0.08960167 -0.002381206 -0.9942113
-0.2536417 0.1784548 -0.3136972 -0.06029867 0.08729874 -0.0002558232 -0.9943556
-0.2686326 0.1783834 -0.3162425 -0.05880634 0.08229739 0.001116037 -0.9948707
-0.2840192 0.177985 -0.3184154 -0.06066748 0.07759488 0.003129423 -0.9951326
-0.2989681 0.1775505 -0.3211393 -0.06481923 0.07337901 0.005118788 -0.9951823
-0.3127843 0.1766827 -0.3261147 -0.06833951 0.07047099 0.005134077 -0.9951569
-0.3271983 0.1756984 -0.3303504 -0.07002645 0.07056395 0.003752232 -0.9950392
-0.3414523 0.1755699 -0.3346729 -0.07176351 0.07211942 0.003239334 -0.9948056
-0.3550255 0.1753838 -0.3381616 -0.07287733 0.07242335 0.002855182 -0.9947038
-0.3679818 0.1754459 -0.3416775 -0.0754209 0.07353866 0.001565844 -0.9944352
-0.3805305 0.1754394 -0.3446508 -0.0787124 0.07522607 0.000117749 -0.994055
-0.3923441 0.1766476 -0.3475235 -0.07914837 0.0748804 -0.001788288 -0.9940449
-0.4038267 0.1768314 -0.3490393 -0.07783938 0.0725719 -0.00339821 -0.9943153
-0.4147461 0.1774091 -0.3508466 -0.07855345 0.07090949 -0.003761203 -0.9943777
-0.424319 0.1784218 -0.3537615 -0.07858972 0.07240415 -0.004118771 -0.9942657
-0.4343377 0.1787977 -0.3562713 -0.07799105 0.07483218 -0.005055845 -0.9941288
-0.4440484 0.1785821 -0.3582548 -0.07619332 0.07633142 -0.007385284 -0.9941396
-0.4531947 0.1775599 -0.3584114 -0.07423887 0.07536174 -0.01039073 -0.9943346
-0.4625854 0.1766574 -0.3588123 -0.07260199 0.07377777 -0.01302412 -0.9945432
-0.4719362 0.1759278 -0.3586817 -0.07224187 0.07284337 -0.01401037 -0.9946249
-0.4814886 0.1760944 -0.3572379 -0.0724757 0.06942084 -0.01433626 -0.994848
-0.4912398 0.1756248 -0.3553849 -0.0726812 0.06390975 -0.01474163 -0.9951963
-0.501428 0.1752051 -0.3537011 -0.0720219 0.05997609 -0.01546547 -0.995478
-0.5109265 0.1745297 -0.3510885 -0.07272929 0.05837872 -0.01605362 -0.9955122
-0.522051 0.1742103 -0.3496606 -0.07252974 0.05709644 -0.01624042 -0.9955982
-0.5338535 0.1737665 -0.3478862 -0.07112058 0.05548777 -0.01616734 -0.995792
-0.5462254 0.1731542 -0.3461673 -0.06952483 0.05247473 -0.01682672 -0.996057
-0.5596434 0.1723718 -0.3435425 -0.06770324 0.04872158 -0.01807419 -0.9963512
-0.5735039 0.1721425 -0.3407311 -0.06444366 0.04433858 -0.01847404 -0.9967647
-0.5876517 0.1732719 -0.3349822 -0.06371275 0.03953904 -0.0164271 -0.9970495
-0.6018445 0.1740937 -0.3329595 -0.06527421 0.03597379 -0.01461187 -0.9971117
-0.6161039 0.1750008 -0.3309078 -0.06394098 0.03106081 -0.01425484 -0.9973683
-0.6305854 0.1765025 -0.3287632 -0.05977151 0.0235673 -0.01377577 -0.9978388
-0.644821 0.1773959 -0.3280666 -0.05796315 0.0187568 -0.01377612 -0.9980475
-0.6591977 0.1774387 -0.3294693 -0.06059474 0.02087006 -0.01518163 -0.9978288
-0.6742398 0.1761809 -0.3313403 -0.06034034 0.02294564 -0.01860935 -0.9977406
-0.6881452 0.1753187 -0.3334903 -0.05880066 0.020676 -0.02251122 -0.9978017
-0.7019212 0.1748397 -0.3368378 -0.05999372 0.02187844 -0.0251326 -0.9976425
-0.7160244 0.175062 -0.3392951 -0.06339806 0.02708704 -0.02586726 -0.9972852
-0.7303732 0.1753497 -0.3422466 -0.06287291 0.02930679 -0.02776298 -0.9972048
-0.7447577 0.1757609 -0.344115 -0.06168832 0.02559925 -0.02963978 -0.9973268
-0.7586961 0.1764054 -0.3464275 -0.06099021 0.02372568 -0.03033943 -0.997395
-0.7735097 0.1769903 -0.3499908 -0.06131739 0.02545758 -0.02983755 -0.9973474
-0.7885622 0.1773089 -0.3541123 -0.06189594 0.0268125 -0.02932847 -0.9972913
-0.8031866 0.1779896 -0.3585815 -0.06176782 0.02516001 -0.02872294 -0.9973599
-0.8191788 0.1788535 -0.3632643 -0.06246165 0.02300539 -0.02669099 -0.9974251
-0.8354461 0.179917 -0.3685268 -0.06362953 0.0195534 -0.02501941 -0.9974683
-0.8519021 0.1816596 -0.3733179 -0.06528238 0.01448661 -0.02274388 -0.9975024
-0.8685604 0.1831608 -0.3802602 -0.067596 0.01155197 -0.02020627 -0.9974412
-0.8856364 0.1844525 -0.3877159 -0.06977793 0.009425574 -0.01869384 -0.9973429
-0.9021168 0.1852064 -0.3950296 -0.07083803 0.004946404 -0.01749391 -0.9973222
-0.9194247 0.1868611 -0.4032671 -0.0717108 0.002219126 -0.01425195 -0.9973212
-0.9366654 0.1886973 -0.4122433 -0.0745873 0.002446461 -0.008740813 -0.9971732
-0.9522382 0.190388 -0.4218468 -0.07658043 0.00231519 -0.004519493 -0.9970505
-0.9686764 0.1906892 -0.4301448 -0.07865324 0.0004042723 -0.0007495285 -0.9969017
-0.9850292 0.1908709 -0.438283 -0.08115316 0.0004628636 0.003002793 -0.996697
-1.000777 0.1915151 -0.4456933 -0.08397432 -0.0003045574 0.005925507 -0.9964503
-1.016293 0.1926922 -0.4525968 -0.08539426 -0.003141329 0.008368553 -0.9963071
-1.031272 0.1948384 -0.4595447 -0.08646675 -0.004383191 0.0115549 -0.9961781
-1.044726 0.1981853 -0.4659443 -0.08671309 -0.002891015 0.01316348 -0.9961421
-1.058172 0.2002463 -0.4724494 -0.08425601 -0.002090823 0.01210162 -0.9963685
-1.070947 0.2028517 -0.4782726 -0.08040499 -0.002465319 0.01147786 -0.9966932
-1.082353 0.2064791 -0.482214 -0.07688356 -0.001234088 0.01287162 -0.9969562
-1.094195 0.2101047 -0.4870954 -0.07400835 0.0005380735 0.01493389 -0.9971457
-1.105693 0.2129688 -0.4912568 -0.07156114 0.002227165 0.01545304 -0.997314
-1.117384 0.2150813 -0.4927177 -0.06844295 0.002237961 0.01356554 -0.9975603
-1.128619 0.2163233 -0.4939409 -0.06532375 -0.001501303 0.01174599 -0.9977939
-1.139806 0.217306 -0.4947691 -0.06268188 -0.004260371 0.01077533 -0.9979663
-1.149863 0.2184071 -0.4965494 -0.06176938 -0.003799347 0.009737612 -0.9980357
-1.161138 0.2188086 -0.497216 -0.06138448 -0.003756602 0.009745003 -0.9980596
-1.172588 0.2188603 -0.4972709 -0.05918395 -0.004398476 0.009615421 -0.9981911
-1.1836 0.2191547 -0.4999633 -0.05709166 -0.006162165 0.01026526 -0.9982972
-1.195753 0.2185851 -0.4997672 -0.05584084 -0.0074338 0.01110184 -0.9983503
-1.208414 0.2170617 -0.4999864 -0.05599811 -0.006189239 0.01106122 -0.9983504
-1.220748 0.2147561 -0.5005132 -0.05737131 -0.006326838 0.009710134 -0.9982857
-1.233629 0.2123398 -0.4995716 -0.05744703 -0.01078556 0.008241386 -0.9982563
-1.246624 0.2104582 -0.4985999 -0.05635706 -0.01456382 0.008102478 -0.9982716
-1.259311 0.2098721 -0.4981522 -0.05718508 -0.01637702 0.009747745 -0.9981817
-1.272566 0.2090577 -0.4968406 -0.05759659 -0.02120828 0.01170114 -0.9980461
-1.285615 0.2079751 -0.4955299 -0.0563297 -0.02835969 0.01168916 -0.997941
-1.298748 0.2083393 -0.4953172 -0.05970414 -0.03130955 0.01174492 -0.9976559
-1.31251 0.2076227 -0.4957151 -0.06290115 -0.03203044 0.01096493 -0.9974454
-1.32609 0.207105 -0.4959455 -0.06397688 -0.03612426 0.007691294 -0.9972677
-1.338777 0.2080158 -0.4978603 -0.06433465 -0.04049424 0.005170256 -0.9970931
-1.352523 0.2094776 -0.499882 -0.06489824 -0.04100816 0.004634351 -0.9970382
-1.366346 0.2108452 -0.50251 -0.06520523 -0.03916185 0.004017354 -0.997095
-1.379893 0.2124469 -0.5051419 -0.06670216 -0.03866673 0.003754974 -0.9970164
-1.394644 0.2125459 -0.5066528 -0.06663109 -0.04020562 0.00267613 -0.9969637
-1.409879 0.2124596 -0.5077316 -0.06566021 -0.04432246 0.0008924008 -0.9968568
-1.42438 0.2132702 -0.5100286 -0.06538108 -0.04770235 0.000322938 -0.9967195
-1.440757 0.2148249 -0.5119413 -0.06365214 -0.05116433 -0.0002365113 -0.9966597
-1.457502 0.21702 -0.5141491 -0.06168657 -0.05622923 0.0001758337 -0.9965104
-1.475716 0.218879 -0.5179983 -0.06064613 -0.06143323 0.001691759 -0.9962656
-1.493656 0.2212193 -0.5217298 -0.05834674 -0.06535695 0.004422725 -0.9961449
-1.511988 0.2232274 -0.5263088 -0.05644641 -0.06740054 0.007865697 -0.996097
-1.53173 0.2244 -0.5318465 -0.05739877 -0.07024879 0.01196808 -0.9958048
-1.550533 0.2249885 -0.5362555 -0.05944652 -0.07440811 0.01477844 -0.9953448
-1.569366 0.2256037 -0.5404782 -0.06272744 -0.07904112 0.01770824 -0.9947383
-1.589874 0.2260413 -0.545608 -0.06600492 -0.08204923 0.02083045 -0.994222
-1.608752 0.2263634 -0.5503205 -0.06924776 -0.08449579 0.0227541 -0.9937543
-1.627738 0.2261619 -0.5552298 -0.07255132 -0.08629362 0.02380279 -0.9933394
-1.648339 0.225245 -0.5606791 -0.07446045 -0.08680864 0.02297834 -0.9931726
-1.667427 0.2236864 -0.5650047 -0.07651295 -0.08644263 0.02041519 -0.9931046
-1.686503 0.2220163 -0.5684205 -0.07881384 -0.08574165 0.01700071 -0.9930497
-1.707297 0.2207291 -0.5729116 -0.07911888 -0.0849499 0.01359406 -0.993146
-1.726098 0.2203308 -0.5737963 -0.07813637 -0.08573005 0.01125067 -0.9931861
-1.744679 0.2205103 -0.5737616 -0.07640149 -0.08607227 0.01004523 -0.9933043
-1.763854 0.2206283 -0.5728386 -0.07606398 -0.08518954 0.009785892 -0.9934089
-1.781835 0.2209815 -0.5708255 -0.07520847 -0.0850876 0.008613111 -0.9934936
-1.79905 0.2215727 -0.5675501 -0.07261012 -0.08730772 0.00713125 -0.9935061
-1.817265 0.2239397 -0.562234 -0.06951662 -0.08951718 0.007459522 -0.9935283
-1.83349 0.2252503 -0.5569671 -0.06692395 -0.09286296 0.008198679 -0.9933934
-1.849549 0.2257401 -0.5508566 -0.06482846 -0.09751633 0.008208455 -0.9930863
-1.866703 0.2258224 -0.5459767 -0.06247974 -0.1011913 0.006860584 -0.9928794
-1.882846 0.2240145 -0.5387595 -0.06246578 -0.1060719 0.005125583 -0.9923812
-1.898858 0.2219631 -0.5310493 -0.06192552 -0.1113234 0.003712714 -0.991846
-1.915495 0.2204199 -0.5239302 -0.06081623 -0.1159149 0.00393349 -0.9913877
-1.93136 0.2189556 -0.515476 -0.05906788 -0.1224513 0.004810393 -0.9907036
-1.947384 0.2180511 -0.5071209 -0.05945756 -0.1289257 0.007416427 -0.9898424
-1.96564 0.2186917 -0.5006793 -0.06414118 -0.1320402 0.01177967 -0.9890969
-1.982639 0.2185009 -0.4932305 -0.06574751 -0.1369405 0.01356411 -0.9883019
-1.999472 0.2185587 -0.4867187 -0.06481528 -0.1426699 0.01320368 -0.9875576
-2.018279 0.2200274 -0.4851735 -0.06576128 -0.1440428 0.01390651 -0.987286
-2.036087 0.2210698 -0.4816892 -0.06839486 -0.1425356 0.01464507 -0.9873152
-2.054239 0.2215626 -0.4779387 -0.06909399 -0.1431621 0.01222664 -0.9872088
-2.073343 0.2216373 -0.4757881 -0.06673397 -0.1467874 0.007180542 -0.9868883
-2.092439 0.2217918 -0.472556 -0.06490286 -0.1472456 0.002731443 -0.9869645
-2.11215 0.2221968 -0.4697061 -0.0658421 -0.1448586 0.0003274083 -0.9872592
-2.13175 0.2231025 -0.4684399 -0.06634153 -0.1446043 -0.001167297 -0.9872624
-2.151697 0.2235458 -0.4645344 -0.06545494 -0.1465634 -0.003044605 -0.9870287
-2.171959 0.224115 -0.4606913 -0.06441605 -0.1481232 -0.004392028 -0.9868591
-2.193504 0.2250694 -0.4599862 -0.06267677 -0.1491945 -0.00496921 -0.986807
-2.214112 0.2257312 -0.4563521 -0.06123469 -0.1514574 -0.004313977 -0.9865558
-2.234749 0.2259923 -0.45265 -0.06078248 -0.1549747 -0.002620697 -0.9860434
-2.256153 0.2260355 -0.449603 -0.06137544 -0.1594239 -0.0002613962 -0.9853005
-2.277265 0.2252849 -0.4459558 -0.06237061 -0.1643922 0.001783162 -0.9844196
-2.298478 0.2245579 -0.4420935 -0.0626168 -0.1715832 0.004061431 -0.9831693
-2.321077 0.2240793 -0.438539 -0.06239289 -0.1799476 0.007692397 -0.9816653
-2.342768 0.2240337 -0.4348741 -0.06661792 -0.1863541 0.01349929 -0.9801286
-2.364714 0.2239378 -0.4310755 -0.07283332 -0.192748 0.01863259 -0.9783641
-2.387926 0.223617 -0.4266196 -0.07427075 -0.1988738 0.02026952 -0.9769965
-2.410129 0.2236295 -0.422888 -0.073143 -0.2045313 0.02137149 -0.9758895
-2.43241 0.2232746 -0.4197324 -0.07545155 -0.2075321 0.02281386 -0.9750472
-2.454372 0.2227512 -0.4161773 -0.07762227 -0.2118069 0.02196172 -0.9739766
-2.475874 0.2222925 -0.4125996 -0.07853212 -0.2176009 0.01980776 -0.9726717
-2.497862 0.2231578 -0.4097763 -0.07834012 -0.2179473 0.01876512 -0.9726303
-2.520075 0.2247423 -0.4086324 -0.07650317 -0.2145897 0.01797217 -0.9735377
-2.541917 0.2264213 -0.405291 -0.07378495 -0.2128337 0.01662365 -0.9741567
-2.563166 0.2277264 -0.4010592 -0.07167374 -0.2126743 0.01524645 -0.9743716
-2.583615 0.2288646 -0.3959064 -0.069274 -0.2117608 0.01412064 -0.9747611
-2.604079 0.2297942 -0.3901751 -0.06714518 -0.2098694 0.01372311 -0.9753246
-2.624012 0.2301824 -0.3833568 -0.06507834 -0.2097378 0.0125311 -0.975509
-2.643363 0.2310399 -0.3751202 -0.06283665 -0.212539 0.01106539 -0.9750674
-2.66313 0.2308432 -0.3669658 -0.06008734 -0.2127621 0.009797216 -0.9752055
-2.683007 0.2300891 -0.3584236 -0.05833335 -0.2120121 0.009162367 -0.9754815
-2.702071 0.2285865 -0.3486468 -0.05740262 -0.2132651 0.008819908 -0.9752667
-2.721189 0.2261937 -0.3386813 -0.05727551 -0.2155466 0.008281261 -0.9747772
-2.739963 0.223265 -0.3281812 -0.0569692 -0.2187036 0.007645279 -0.9740969
-2.758485 0.2212773 -0.3176194 -0.05694932 -0.2232295 0.008030475 -0.9730678
-2.776719 0.2197317 -0.3064529 -0.05897929 -0.228492 0.0104799 -0.9717011
-2.794258 0.2193395 -0.2956205 -0.05940888 -0.236063 0.01338241 -0.9698277
-2.813273 0.2179022 -0.2855021 -0.05634901 -0.243151 0.01614765 -0.9682157
-2.831659 0.2185054 -0.277326 -0.05705003 -0.2437491 0.01932678 -0.967966
-2.85049 0.2187546 -0.2696024 -0.05993368 -0.243793 0.02093426 -0.9677473
-2.869241 0.218202 -0.2620538 -0.06039156 -0.2475678 0.01996538 -0.9667804
-2.888017 0.2193921 -0.2548749 -0.06172341 -0.2494717 0.01966268 -0.966213
-2.907037 0.22106 -0.2484421 -0.06407057 -0.2482941 0.02003467 -0.9663559
-2.925381 0.2217874 -0.2432186 -0.06377156 -0.2483771 0.01774877 -0.966399
-2.943994 0.2222811 -0.2367797 -0.0627274 -0.2494535 0.01510796 -0.9662349
-2.962908 0.22233 -0.2301948 -0.06194516 -0.2503222 0.01333964 -0.9660868
-2.982431 0.2208697 -0.2250993 -0.06202094 -0.2517955 0.0124802 -0.9657105
-3.001925 0.2200986 -0.218162 -0.06210344 -0.2541117 0.01178485 -0.965107
-3.021768 0.2194543 -0.2112386 -0.06095277 -0.25607 0.010782 -0.9646744
-3.040927 0.2198974 -0.2047456 -0.06013872 -0.2586425 0.009577365 -0.9640517
-3.060939 0.2199601 -0.1982095 -0.05914181 -0.2614271 0.009556534 -0.9633623
-3.080932 0.2203237 -0.1920643 -0.05755201 -0.264507 0.01014483 -0.9626115
-3.101329 0.2203036 -0.1871383 -0.0565839 -0.2679391 0.01192376 -0.9616989
-3.121063 0.2213571 -0.1820572 -0.05957747 -0.2703493 0.01619578 -0.9607807
-3.140332 0.2222501 -0.1771393 -0.06182889 -0.2736398 0.01862806 -0.9596622
-3.158994 0.2225265 -0.1707822 -0.06199085 -0.2777754 0.01936648 -0.9584482
-3.17724 0.2230483 -0.1655301 -0.06209638 -0.2811101 0.02022863 -0.9574508
-3.195017 0.2229774 -0.1602097 -0.06486423 -0.2828028 0.0217858 -0.9567344
-3.212916 0.2212401 -0.1545001 -0.06796331 -0.2854146 0.02252561 -0.955726
-3.229157 0.2203241 -0.1484489 -0.07058942 -0.2880559 0.02242196 -0.9547451
-3.244891 0.2194475 -0.1422629 -0.07307702 -0.2887024 0.02167293 -0.9543799
-3.260019 0.2186073 -0.1355519 -0.07536348 -0.2890563 0.02038104 -0.9541234
-3.273648 0.2182511 -0.1283533 -0.07568973 -0.2915534 0.01907861 -0.9533644
-3.286191 0.21785 -0.1204891 -0.07519395 -0.2955753 0.01794392 -0.9521865
-3.298753 0.217877 -0.1128149 -0.07484068 -0.2986374 0.0166243 -0.9512824
-3.31075 0.2163227 -0.1043409 -0.07453221 -0.3001031 0.01503614 -0.9508717
-3.322634 0.2146269 -0.09525033 -0.07533255 -0.3012303 0.01443032 -0.9504615
-3.334972 0.2126038 -0.08521117 -0.07588159 -0.3017775 0.01397455 -0.950251
-3.346057 0.2115236 -0.07461145 -0.07514583 -0.3027128 0.0146043 -0.9500026
-3.35637 0.210972 -0.06306068 -0.07310928 -0.3048691 0.01655385 -0.9494398
-3.369536 0.2099748 -0.05179058 -0.07297403 -0.3071972 0.01872611 -0.9486591
-3.378822 0.2089766 -0.03960463 -0.07141028 -0.309321 0.01858846 -0.9480905
-3.387344 0.208179 -0.02731854 -0.0680711 -0.3128231 0.01802319 -0.9471976
-3.396372 0.2073786 -0.0157666 -0.06632502 -0.3157017 0.01871404 -0.9463526
-3.40409 0.2075159 -0.003270958 -0.06738982 -0.3187282 0.02139408 -0.9452055
-3.411505 0.2084035 0.009703088 -0.06888028 -0.3224042 0.02408463 -0.9437855
-3.421558 0.2104372 0.02050391 -0.06861092 -0.3279945 0.02428561 -0.9418717
-3.428752 0.2127738 0.03237589 -0.06525993 -0.3324054 0.02440068 -0.9405596
-3.436531 0.2151052 0.04316524 -0.06259211 -0.3337528 0.02593732 -0.9402226
-3.446144 0.2165917 0.05276665 -0.06118322 -0.3336859 0.02691576 -0.9403116
-3.454137 0.2168355 0.06312045 -0.06166706 -0.335368 0.02699006 -0.9396792
-3.462037 0.2164749 0.07348356 -0.06276871 -0.3383963 0.02500311 -0.938575
-3.472591 0.216763 0.08137452 -0.06371173 -0.340591 0.02294272 -0.9377698
-3.480872 0.21733 0.09082906 -0.06459092 -0.3419393 0.02207077 -0.9372398
-3.489127 0.2176814 0.1001114 -0.06510886 -0.343704 0.02070499 -0.9365894
-3.498284 0.217341 0.1090923 -0.06544411 -0.3466276 0.01814952 -0.935541
-3.507437 0.2164471 0.1182429 -0.06553353 -0.3479534 0.01532516 -0.935093
-3.517169 0.2154131 0.127305 -0.06593896 -0.3487682 0.01320875 -0.9347932
-3.528758 0.2144263 0.1353012 -0.06772402 -0.3500807 0.01119378 -0.9342011
-3.539477 0.212868 0.1443978 -0.06917352 -0.3514966 0.009506048 -0.9335817
-3.550855 0.211315 0.1533754 -0.06918382 -0.3517629 0.008501113 -0.9334903
-3.563744 0.2097213 0.1614423 -0.06980108 -0.3520412 0.008147568 -0.9333426
-3.575597 0.2080835 0.1706111 -0.07164589 -0.3546442 0.008600325 -0.9322127
-3.587794 0.2067401 0.1796336 -0.07314549 -0.3568653 0.0104025 -0.9312297
-3.601184 0.2053744 0.1880626 -0.07563178 -0.3576488 0.01333383 -0.930693
-3.61437 0.2037599 0.1969044 -0.0789494 -0.3585725 0.01646662 -0.9300116
-3.627514 0.2023995 0.2061058 -0.08133959 -0.361602 0.01921281 -0.9285789
-3.641216 0.2032102 0.2152536 -0.08152049 -0.36554 0.02164999 -0.9269661
-3.65448 0.2037439 0.2240994 -0.07989626 -0.3682804 0.02409545 -0.925962
-3.667492 0.205055 0.2324438 -0.07880812 -0.3709637 0.02670577 -0.9249119
-3.680842 0.207557 0.2394284 -0.0753601 -0.3739463 0.02743632 -0.9239763
-3.692359 0.2098211 0.246677 -0.07056981 -0.3780682 0.02775187 -0.9226669
-3.703769 0.2120339 0.2531503 -0.06787366 -0.3803864 0.02923843 -0.9218701
-3.715606 0.2129792 0.2589749 -0.06524902 -0.3799193 0.0301354 -0.9222233
-3.726563 0.2139876 0.264868 -0.06195853 -0.3802477 0.02957225 -0.9223331
-3.736817 0.2144462 0.2707406 -0.05956598 -0.3819166 0.02846226 -0.921836
-3.747829 0.2155362 0.2746179 -0.05936645 -0.3830509 0.02728596 -0.9214137
-3.756616 0.2159716 0.2795599 -0.05976702 -0.3845822 0.02660877 -0.9207695
-3.764443 0.2165021 0.2840001 -0.05948913 -0.3871104 0.02514127 -0.9197687
-3.772653 0.2163824 0.2871406 -0.05939811 -0.3888349 0.02395746 -0.9190786
-3.779738 0.2169804 0.2902098 -0.05969949 -0.3889358 0.02320614 -0.9190356
-3.786348 0.2174414 0.2930543 -0.05843802 -0.3900484 0.02135125 -0.91869
-3.797826 0.2180548 0.2953939 -0.05670105 -0.3912487 0.02002549 -0.9183183
-3.804565 0.2182571 0.2972038 -0.0559109 -0.3903007 0.01877937 -0.9187963
-3.811266 0.2180411 0.2986621 -0.05617451 -0.3888749 0.01765841 -0.9194069
-3.819148 0.2173869 0.3008606 -0.05543669 -0.3884722 0.01722634 -0.9196301
-3.824515 0.2168992 0.3025154 -0.05493995 -0.3899297 0.01672185 -0.9190522
-3.829638 0.2161742 0.3037757 -0.05627992 -0.3898643 0.01666293 -0.9189999
-3.833339 0.2157742 0.3051399 -0.05760058 -0.3866386 0.01665127 -0.9202801
-3.837356 0.2152261 0.3059273 -0.05751333 -0.3847159 0.01638535 -0.9210958
-3.840301 0.2146587 0.3068757 -0.05726147 -0.3856593 0.01581973 -0.9207268
-3.847044 0.2151998 0.3071841 -0.05778127 -0.3866262 0.01604647 -0.9202848
-3.849613 0.2147254 0.3076054 -0.0584665 -0.3851959 0.01688016 -0.9208262
-3.851581 0.2140761 0.3081225 -0.05924888 -0.3846188 0.01759631 -0.921004
-3.859174 0.2148701 0.3065089 -0.06002751 -0.385938 0.0174675 -0.920404
-3.860308 0.2141849 0.3068302 -0.06096787 -0.3874804 0.01777947 -0.9196879
-3.861128 0.2139155 0.3067132 -0.06064073 -0.3881777 0.01822406 -0.9194067
-3.862847 0.2143442 0.3059441 -0.06070736 -0.3881389 0.01895598 -0.9194039
-3.863112 0.2142975 0.3050928 -0.0607739 -0.3875775 0.01943577 -0.9196263
-3.86294 0.2143659 0.3041626 -0.0590245 -0.3871038 0.01898027 -0.9199492
-3.863003 0.2151799 0.3033537 -0.05848386 -0.3873321 0.0196465 -0.9198737
-3.862212 0.2153491 0.3022278 -0.05819207 -0.3879054 0.02028626 -0.9196367
-3.861374 0.2155352 0.3007328 -0.05808372 -0.3881961 0.0213204 -0.9194974
-3.860059 0.2159595 0.2994597 -0.05718564 -0.387501 0.02290505 -0.9198088
-3.858861 0.2163764 0.296964 -0.05679232 -0.3860618 0.02508843 -0.9203811
-3.857244 0.2167797 0.2941666 -0.05653431 -0.385043 0.02730575 -0.9207607
-3.855987 0.2174176 0.2913374 -0.05634857 -0.3849402 0.02923364 -0.9207559
-3.853359 0.2176114 0.2877293 -0.05589026 -0.3851268 0.03015488 -0.9206761
-3.850435 0.217915 0.283321 -0.05479293 -0.3845658 0.03090924 -0.9209514
-3.849393 0.2181554 0.2771085 -0.05346597 -0.3830005 0.03168473 -0.9216551
-3.845578 0.2186405 0.2710828 -0.05099163 -0.3817156 0.03196839 -0.9223183
-3.841074 0.219295 0.2645524 -0.04855944 -0.3814704 0.03299391 -0.9225149
-3.83847 0.2203443 0.2562257 -0.04520259 -0.3806326 0.03314665 -0.9230259
-3.832978 0.2209117 0.2479938 -0.04131239 -0.3779458 0.03299827 -0.9243168
-3.826807 0.2213302 0.2388107 -0.03819815 -0.3741765 0.03280738 -0.9259895
-3.82207 0.2219539 0.2264314 -0.03506571 -0.3701793 0.03263715 -0.9277244
-3.814294 0.2220002 0.2159083 -0.03380935 -0.368883 0.03399465 -0.9282385
-3.80549 0.2216064 0.2049703 -0.03287244 -0.3693265 0.03438256 -0.9280815
-3.797691 0.2213213 0.1934414 -0.03243375 -0.3704673 0.0343436 -0.9276436
-3.787652 0.2199517 0.1814277 -0.03318134 -0.3707142 0.03374091 -0.9275406
-3.777199 0.2179501 0.1688486 -0.03391742 -0.3695331 0.03168661 -0.9280576
-3.767438 0.2150098 0.155077 -0.03606088 -0.3685058 0.02973416 -0.9284497
-3.756303 0.212422 0.1417795 -0.03829158 -0.3665923 0.02889005 -0.9291443
-3.745055 0.2093312 0.1283374 -0.0427171 -0.3638033 0.0278551 -0.9300787
-3.734688 0.2061254 0.1133894 -0.04624955 -0.3622743 0.02508986 -0.9305852
-3.722758 0.2030674 0.1000977 -0.05017816 -0.3624128 0.02299488 -0.9303818
-3.710955 0.2005422 0.08644219 -0.05354853 -0.360415 0.02201364 -0.9309936
-3.699552 0.1995649 0.07275261 -0.05732898 -0.3560277 0.02306452 -0.93243
-3.687622 0.1977023 0.05933356 -0.0586183 -0.3511781 0.0224866 -0.9342014
-3.675303 0.1957751 0.04675197 -0.05922255 -0.3479246 0.02133262 -0.9354069
-3.662964 0.1941175 0.03520213 -0.06221962 -0.3464006 0.02229264 -0.9357555
-3.650188 0.1925972 0.02418523 -0.06530984 -0.3460021 0.02377925 -0.9356558
-3.637186 0.1914848 0.01385238 -0.06659392 -0.346268 0.02441863 -0.9354504
-3.624672 0.1911954 0.004627786 -0.06757363 -0.3452711 0.02562437 -0.9357163
-3.611681 0.1912189 -0.004314465 -0.0677707 -0.3428992 0.0276292 -0.9365169
-3.598328 0.191471 -0.01238251 -0.06776388 -0.3413761 0.02967846 -0.937011
-3.584981 0.19257 -0.01931392 -0.06600458 -0.3409017 0.03066984 -0.9372774
-3.570395 0.1931305 -0.02564564 -0.06408411 -0.3411487 0.03177846 -0.9372838
-3.555228 0.1936138 -0.03130186 -0.06279995 -0.3430952 0.032974 -0.9366187
-3.540661 0.1936375 -0.0380167 -0.06114964 -0.3442075 0.03359643 -0.9362977
-3.52489 0.1941404 -0.0433955 -0.05942916 -0.3446405 0.03465778 -0.9362104
-3.508906 0.1947916 -0.04863391 -0.05808477 -0.343824 0.03746781 -0.9364868
-3.493601 0.1942456 -0.05419936 -0.05616551 -0.3413528 0.03976548 -0.9374126
-3.476667 0.1939511 -0.05884312 -0.05405879 -0.3401206 0.03966457 -0.9379885
-3.459118 0.1931971 -0.06307638 -0.05346142 -0.3403346 0.0391208 -0.937968
-3.44014 0.1916751 -0.06542551 -0.05301265 -0.3408328 0.03748766 -0.9378792
-3.421987 0.1903373 -0.06954136 -0.05290847 -0.3395669 0.03552711 -0.9384204
-3.40375 0.1889 -0.07370431 -0.05359173 -0.3365667 0.0335713 -0.9395338
-3.387295 0.1868677 -0.0795045 -0.05393783 -0.3340771 0.03010264 -0.9405196
-3.368574 0.185607 -0.0838232 -0.05438242 -0.3319996 0.02537015 -0.9413688
-3.349742 0.1853383 -0.08856122 -0.05583393 -0.3304836 0.02342758 -0.9418675
-3.331889 0.1848232 -0.09534498 -0.0565411 -0.3271963 0.02207744 -0.943005
-3.314371 0.1842324 -0.1018413 -0.05586398 -0.3196373 0.01716462 -0.945736
-3.29681 0.1834944 -0.1080905 -0.0569925 -0.3142127 0.01499423 -0.9475217
-3.27796 0.1820996 -0.1143433 -0.05819945 -0.3138693 0.01369876 -0.9475818
-3.260159 0.1809112 -0.1202117 -0.05962159 -0.3135284 0.01255232 -0.9476221
-3.242644 0.1800619 -0.1265637 -0.06227992 -0.3108977 0.01371762 -0.9483015
-3.224857 0.1796403 -0.1332927 -0.06293254 -0.3091806 0.01522598 -0.9487966
-3.205938 0.1790214 -0.1404994 -0.06280535 -0.3098624 0.01784262 -0.9485371
-3.186772 0.1778396 -0.1488384 -0.06320863 -0.3089869 0.02110866 -0.9487287
-3.166747 0.1766607 -0.1538546 -0.06328846 -0.3052248 0.0234479 -0.9498856
-3.146878 0.1745541 -0.1631377 -0.06206625 -0.3020377 0.02423072 -0.9509647
-3.125985 0.1723637 -0.1721385 -0.06180864 -0.3036079 0.0240092 -0.950487
-3.103919 0.170356 -0.1790579 -0.0620457 -0.308243 0.02214253 -0.9490238
-3.082248 0.1683857 -0.189722 -0.0620482 -0.309854 0.01991987 -0.9485483
-3.060975 0.1672281 -0.2019866 -0.06173822 -0.3060371 0.01930714 -0.9498194
-3.040314 0.1668447 -0.2133453 -0.06214274 -0.3002571 0.02000323 -0.9516217
-3.018743 0.1665006 -0.2265091 -0.06228791 -0.2968192 0.01800311 -0.95273
-2.997173 0.1667764 -0.2399396 -0.06249669 -0.2946461 0.01554594 -0.9534339
-2.976193 0.1672636 -0.2502908 -0.0632998 -0.2885635 0.01446632 -0.9552565
-2.955807 0.1688505 -0.2649409 -0.06559464 -0.2785979 0.01544049 -0.9580408
-2.935149 0.1706397 -0.2790076 -0.06913261 -0.2713653 0.01767916 -0.9598276
-2.91428 0.1721265 -0.290331 -0.07150047 -0.267712 0.01758915 -0.9606813
-2.893547 0.1727927 -0.3031833 -0.07273379 -0.2654069 0.01583508 -0.9612587
-2.87321 0.1732156 -0.3158891 -0.07328821 -0.262108 0.01446337 -0.9621429
-2.853907 0.1721809 -0.3275955 -0.07329216 -0.2590635 0.01444853 -0.9629671
-2.834121 0.1723195 -0.3390914 -0.07336895 -0.2558509 0.01619983 -0.963792
-2.814825 0.1723858 -0.3497338 -0.07297267 -0.251039 0.01871338 -0.965041
-2.796069 0.1738768 -0.3570305 -0.07124329 -0.2473609 0.02085787 -0.9660755
-2.776464 0.1743742 -0.3648538 -0.07015473 -0.2467148 0.02339456 -0.9662623
-2.75675 0.1747239 -0.3717721 -0.06888764 -0.2479908 0.02524445 -0.9659802
-2.73802 0.1742769 -0.3766802 -0.06735346 -0.2473095 0.02683795 -0.9662201
-2.718982 0.1743885 -0.3832573 -0.06520269 -0.2441158 0.0293358 -0.9671068
-2.700136 0.1743367 -0.3894406 -0.06383151 -0.239784 0.03248832 -0.9681806
-2.681373 0.1730339 -0.3943021 -0.06298125 -0.2364127 0.03466323 -0.9689896
-2.661848 0.1718892 -0.3986273 -0.06313002 -0.2354217 0.03570867 -0.9691832
-2.620863 0.1693621 -0.404755 -0.06154395 -0.2376621 0.03253067 -0.9688503
-2.600511 0.1682834 -0.4084629 -0.05997996 -0.2345926 0.03116745 -0.9697409
-2.580045 0.1679368 -0.4120512 -0.05845267 -0.2305527 0.03110343 -0.9708045
-2.558142 0.1667709 -0.4138037 -0.05613179 -0.2278781 0.0291512 -0.9716332
-2.536855 0.1661834 -0.4168152 -0.05369484 -0.2272158 0.02530194 -0.9720337
-2.515405 0.1658548 -0.4200033 -0.05185068 -0.2261285 0.02150881 -0.9724787
-2.493089 0.1649815 -0.4233008 -0.05135243 -0.2234285 0.01805925 -0.9731991
-2.471305 0.1656766 -0.427041 -0.05435789 -0.2209301 0.01769942 -0.9736128
-2.450022 0.1659636 -0.4309026 -0.05486749 -0.2162353 0.01439777 -0.974692
-2.429184 0.1646294 -0.4363949 -0.05454621 -0.2122636 0.01084277 -0.9756287
-2.408722 0.1649715 -0.4389745 -0.05534316 -0.2126468 0.01032767 -0.9755059
-2.38886 0.16535 -0.4421894 -0.05675191 -0.21162 0.01249242 -0.975623
-2.36971 0.1654345 -0.4458235 -0.05948284 -0.2056407 0.01658395 -0.9766774
-2.350735 0.1651551 -0.4504307 -0.06151405 -0.1988133 0.01989263 -0.9779027
-2.331383 0.1644025 -0.4548144 -0.06477828 -0.1950707 0.02277076 -0.9783827
-2.311022 0.1635926 -0.4585587 -0.06758683 -0.1914697 0.02573565 -0.9788305
-2.291409 0.1621352 -0.4636377 -0.06956779 -0.1863148 0.02851662 -0.9796091
-2.271566 0.1601395 -0.4689526 -0.07029492 -0.1808893 0.02944887 -0.980546
-2.250144 0.1577075 -0.4724696 -0.0703849 -0.1768366 0.02941984 -0.9812794
-2.228893 0.1560791 -0.4779296 -0.07106864 -0.1732594 0.03130475 -0.9818098
-2.206925 0.1547197 -0.4840223 -0.0709995 -0.1679722 0.03307739 -0.9826751
-2.182582 0.154304 -0.4881293 -0.07057884 -0.1627573 0.03342125 -0.9835709
-2.158583 0.1533202 -0.4936442 -0.07040869 -0.161091 0.03237099 -0.9838925
-2.133573 0.1527367 -0.4989998 -0.07039188 -0.1617814 0.03022266 -0.9838488
-2.106931 0.152827 -0.5029951 -0.0720512 -0.1573709 0.0295386 -0.9844646
-2.081566 0.1537088 -0.5100764 -0.07257111 -0.1478032 0.02800572 -0.985953
-2.055844 0.1551753 -0.5165462 -0.0746613 -0.1411263 0.02640095 -0.9868191
-2.029972 0.1556214 -0.5237365 -0.07781392 -0.1398895 0.0249708 -0.9867889
-2.004303 0.1578856 -0.5299609 -0.07894792 -0.1373438 0.02227163 -0.987121
-1.979343 0.1601307 -0.537245 -0.07725253 -0.1279734 0.01948476 -0.9885724
-1.955144 0.1627682 -0.5429528 -0.07540486 -0.1174545 0.01727843 -0.9900606
-1.93065 0.163702 -0.5477296 -0.07631905 -0.1138306 0.01684392 -0.9904213
-1.90665 0.164005 -0.5507843 -0.07648765 -0.1131885 0.01706869 -0.990478
-1.882797 0.1644064 -0.553239 -0.0776507 -0.110619 0.01965255 -0.9906299
-1.859769 0.1646983 -0.5543957 -0.07846402 -0.1065763 0.02315936 -0.9909332
-1.836661 0.1644031 -0.554511 -0.07955496 -0.1030153 0.0268369 -0.99113
-1.813932 0.162721 -0.5533855 -0.08125915 -0.1011928 0.03018478 -0.9910832
-1.79079 0.1604361 -0.55224 -0.08082584 -0.09862561 0.03182671 -0.991326
-1.767923 0.1578667 -0.551138 -0.08018482 -0.09304848 0.03320507 -0.9918719
-1.74793 0.1530934 -0.5453665 -0.07954769 -0.08871485 0.034071 -0.9922908
-1.724618 0.1512204 -0.5420398 -0.07922338 -0.08959194 0.03507281 -0.9922031
-1.700821 0.1501494 -0.5386132 -0.07767229 -0.09064519 0.0368979 -0.9921638
-1.677479 0.1491155 -0.5349949 -0.07534171 -0.08891325 0.03895119 -0.9924217
-1.652932 0.1484587 -0.5330251 -0.07125267 -0.08578936 0.04001677 -0.9929562
-1.628064 0.1475745 -0.5309191 -0.0664084 -0.0844335 0.03909212 -0.9934449
-1.603885 0.1470018 -0.5256068 -0.0634187 -0.084638 0.03669441 -0.9937143
-1.579147 0.1463235 -0.523414 -0.05976835 -0.08333906 0.03311131 -0.994176
-1.554565 0.1461472 -0.521341 -0.05640452 -0.08237288 0.02812022 -0.9946067
-1.530812 0.147187 -0.5185847 -0.05380392 -0.08185341 0.0231157 -0.9949225
-1.50699 0.1488486 -0.5173665 -0.05157765 -0.07893291 0.01917553 -0.9953601
-1.483789 0.1510157 -0.5165263 -0.05113091 -0.07401133 0.01815403 -0.9957803
-1.461766 0.1518967 -0.5165691 -0.05143942 -0.07165045 0.01913604 -0.9959187
-1.43877 0.1533058 -0.5157434 -0.04944497 -0.07098909 0.0195168 -0.9960597
-1.41602 0.1545885 -0.5155357 -0.04858578 -0.06818424 0.02131417 -0.996261
-1.394718 0.1547834 -0.5137597 -0.04777063 -0.06314834 0.02341482 -0.9965852
-1.372268 0.1551024 -0.5138172 -0.04935574 -0.05939135 0.02587033 -0.9966782
-1.350038 0.1546266 -0.5138049 -0.05424407 -0.05815522 0.0284057 -0.996428
-1.329189 0.1527282 -0.5141752 -0.05652206 -0.0549373 0.02897194 -0.9964677
-1.307265 0.1505249 -0.5152954 -0.05690739 -0.04962678 0.02839473 -0.9967409
-1.285164 0.1480158 -0.5167601 -0.05895562 -0.04346843 0.0283393 -0.996911
-1.263411 0.1454681 -0.5196085 -0.06138849 -0.0372813 0.02787769 -0.9970278
-1.240617 0.1429328 -0.5211552 -0.06222525 -0.0313215 0.02651781 -0.997218
-1.217631 0.1408942 -0.5223134 -0.06319454 -0.02644414 0.02471784 -0.9973446
-1.195009 0.1397371 -0.5240188 -0.06351848 -0.02298321 0.02239278 -0.9974647
-1.172171 0.1389144 -0.5249385 -0.06420227 -0.01819963 0.01972509 -0.9975759
-1.149369 0.1388605 -0.5260842 -0.06427436 -0.01211996 0.016873 -0.997716
-1.127243 0.1406071 -0.5280048 -0.06444906 -0.004752497 0.01476521 -0.9978005
-1.104332 0.1429054 -0.5289408 -0.06663179 0.002217479 0.01452744 -0.9976694
-1.081427 0.1455365 -0.5293217 -0.0679171 0.007376705 0.01380554 -0.9975682
-1.058976 0.148926 -0.5316929 -0.0675783 0.01135334 0.01274073 -0.9975681
-1.036949 0.1511294 -0.5312924 -0.06539294 0.0145122 0.01193038 -0.9976828
-1.01543 0.1525519 -0.5305824 -0.0626099 0.01693451 0.01061851 -0.9978379
-0.9932628 0.1513875 -0.5274838 -0.06087682 0.02036293 0.01077697 -0.9978794
-0.9726428 0.1523296 -0.5261886 -0.06172161 0.02489933 0.01351529 -0.9976913
-0.9523215 0.1529343 -0.5240794 -0.06353651 0.0287054 0.01699007 -0.9974219
-0.9317398 0.1516039 -0.5208638 -0.06237315 0.03046062 0.0174793 -0.9974349
-0.9116236 0.1508764 -0.5165734 -0.06226771 0.02968104 0.01828093 -0.9974505
-0.8915831 0.1501169 -0.5121415 -0.06349291 0.03020018 0.02001283 -0.9973245
-0.8710664 0.1490193 -0.5087286 -0.06332316 0.03381608 0.02123418 -0.9971939
-0.8509954 0.1478381 -0.5043679 -0.06229788 0.03823988 0.02251044 -0.9970707
-0.8309308 0.1468605 -0.4993481 -0.06221147 0.04226084 0.0247542 -0.9968606
-0.8094717 0.1459135 -0.4939053 -0.06214663 0.04494438 0.0262095 -0.9967101
-0.7890393 0.1444361 -0.4872493 -0.06184378 0.0459495 0.02647597 -0.996676
-0.7684744 0.1429341 -0.48063 -0.06159984 0.04904927 0.02613461 -0.9965524
-0.7460364 0.143011 -0.473985 -0.06125722 0.0559505 0.0259046 -0.9962159
-0.7253447 0.1420519 -0.4662912 -0.0626371 0.06104455 0.02632165 -0.9958199
-0.7048284 0.1407869 -0.4573411 -0.06275896 0.06253449 0.02480838 -0.9957587
-0.683658 0.1410421 -0.4494311 -0.06285234 0.0612448 0.02146399 -0.9959106
-0.6630525 0.1404679 -0.4405964 -0.06503058 0.06242316 0.01884711 -0.9957506
-0.6423445 0.1408639 -0.4326863 -0.06837989 0.06727585 0.01783479 -0.9952287
-0.6200047 0.1420397 -0.42647 -0.06834528 0.07406957 0.01515281 -0.9947929
-0.5997428 0.1421854 -0.4183004 -0.06803738 0.07720052 0.01303914 -0.994606
-0.580074 0.1426199 -0.409685 -0.06836501 0.07464717 0.01265907 -0.9947833
-0.5588653 0.143543 -0.4036702 -0.06705625 0.07646403 0.01296708 -0.9947304
-0.5392028 0.1449104 -0.3975045 -0.06772257 0.0828153 0.01578164 -0.9941359
-0.5194912 0.1463837 -0.391126 -0.06911649 0.08689132 0.01881153 -0.9936392
-0.4988876 0.1470993 -0.3827442 -0.06842508 0.08759611 0.02031055 -0.9935957
-0.4787978 0.1471263 -0.376447 -0.06662044 0.08878443 0.02094951 -0.9935997
-0.4584925 0.1466418 -0.3710462 -0.06378789 0.09386842 0.02124819 -0.9933118
-0.4385298 0.1451268 -0.3629149 -0.06218303 0.09811458 0.02255842 -0.9929743
-0.4180817 0.1444427 -0.3571624 -0.06205676 0.1005831 0.02353606 -0.9927125
-0.3972489 0.1437989 -0.3520036 -0.0621053 0.1052278 0.0241589 -0.9922129
-0.3755904 0.142144 -0.345651 -0.0609245 0.1139206 0.02380827 -0.9913342
-0.3538516 0.1411976 -0.3406361 -0.06071782 0.1213347 0.02249891 -0.9904974
-0.3317732 0.1404255 -0.3349469 -0.06280927 0.1267554 0.02127749 -0.9897147
-0.3139688 0.1391076 -0.3209211 -0.06572264 0.1324728 0.01946551 -0.9888138
-0.2910943 0.1384081 -0.3152315 -0.06733093 0.1388877 0.01626289 -0.9878828
-0.2677562 0.1383093 -0.3099738 -0.07090987 0.1468433 0.01263317 -0.986534
-0.2438606 0.1384557 -0.3036744 -0.07713589 0.1520022 0.01047468 -0.98531
-0.2202528 0.1397791 -0.2978401 -0.08164795 0.1548912 0.007199795 -0.9845255
-0.1967922 0.1409407 -0.2924411 -0.08312277 0.1601853 0.002972872 -0.9835764
-0.173858 0.1418961 -0.2862722 -0.08522575 0.166239 0.0004535019 -0.9823955
-0.1514615 0.1425962 -0.2808896 -0.08499726 0.1709377 -0.002486557 -0.9816056
-0.1296488 0.1427288 -0.275252 -0.08230458 0.1735134 -0.005161822 -0.9813728
-0.1070506 0.1425348 -0.270232 -0.08180052 0.1779962 -0.003854156 -0.9806178
-0.08615744 0.1436739 -0.2641478 -0.08170023 0.1828452 -2.041459E-05 -0.9797412
-0.06585522 0.1449542 -0.2567147 -0.08171333 0.182816 0.004657984 -0.9797344
-0.04608571 0.145032 -0.2475525 -0.07999951 0.181373 0.009055258 -0.9801132
-0.02577813 0.1462407 -0.2394156 -0.07916617 0.1802189 0.01410079 -0.9803342
-0.005322127 0.1472466 -0.2318061 -0.07764966 0.180642 0.01902679 -0.9802943
0.01342327 0.147468 -0.2241913 -0.07435464 0.1814895 0.02298489 -0.9803085
0.03387789 0.1478274 -0.2174093 -0.0700148 0.1827466 0.02694497 -0.9802936
0.05421666 0.1479655 -0.2109116 -0.06802349 0.1841855 0.03104594 -0.9800432
0.07294123 0.1470205 -0.2032639 -0.06609291 0.1865641 0.03422258 -0.9796195
0.09253127 0.1457728 -0.1965945 -0.06603971 0.1876611 0.03605762 -0.9793477
0.1113924 0.1439885 -0.1898068 -0.06764711 0.1866982 0.03623501 -0.9794155
0.1295232 0.1421326 -0.1849386 -0.06709392 0.1887445 0.0339224 -0.9791441
0.147729 0.140475 -0.1792186 -0.06828003 0.192905 0.03169412 -0.9783256
0.1657088 0.1400152 -0.1730561 -0.07495952 0.1943424 0.03148529 -0.9775586
0.1821697 0.1390017 -0.1677475 -0.07994545 0.1969161 0.03135836 -0.9766521
0.1999634 0.1385719 -0.1620121 -0.08474559 0.1989577 0.03200716 -0.9758123
0.2171021 0.1374674 -0.1565811 -0.08820659 0.1971189 0.03122482 -0.975904
0.2345725 0.1368363 -0.1515508 -0.0873431 0.1968164 0.0291867 -0.9761059
0.2518925 0.1359693 -0.1478471 -0.08713282 0.1983194 0.02935419 -0.9758154
0.2697675 0.1352579 -0.1442461 -0.08621158 0.1994278 0.02924273 -0.9756746
0.2900543 0.1374279 -0.143544 -0.08335803 0.1998635 0.02874777 -0.9758482
0.3097733 0.1381295 -0.1395419 -0.0806096 0.1991504 0.02923379 -0.9762104
0.3303953 0.1395047 -0.135466 -0.07851799 0.1986146 0.02999631 -0.9764668
0.3509199 0.1413897 -0.1332092 -0.07668273 0.1987557 0.03106374 -0.9765506
0.3728039 0.1433008 -0.1299733 -0.07534284 0.2013576 0.03089801 -0.976127
0.3949262 0.1454969 -0.1274645 -0.07451671 0.2063668 0.02979964 -0.9751779
0.4166808 0.1474022 -0.1249537 -0.07251206 0.2090575 0.028052 -0.9748077
0.4388765 0.1500641 -0.1225661 -0.06940762 0.2097811 0.02505455 -0.9749599
0.4612824 0.1530906 -0.1211191 -0.06779765 0.2127999 0.02312455 -0.9744665
0.4819601 0.1544776 -0.119467 -0.06834771 0.2186314 0.02186638 -0.9731653
0.5036829 0.15626 -0.1193789 -0.06872204 0.2263283 0.01955152 -0.9714271
0.5239497 0.1572639 -0.1185711 -0.07058089 0.2297322 0.01681674 -0.9705456
0.5425159 0.156865 -0.1172915 -0.07216835 0.2291952 0.01277286 -0.9706174
0.5602016 0.1568894 -0.1158362 -0.07277521 0.229444 0.008967758 -0.970556
0.5770822 0.1581505 -0.1148841 -0.07577439 0.2339575 0.008769065 -0.9692498
0.5931509 0.1590985 -0.1136667 -0.07850011 0.2377294 0.009583921 -0.9681067
0.609026 0.1600191 -0.1121503 -0.07764233 0.2387074 0.008565756 -0.9679448
0.6247699 0.1608939 -0.1105399 -0.07599284 0.2397918 0.008359672 -0.9678094
0.6399206 0.1615779 -0.1079202 -0.07507633 0.242478 0.009917738 -0.9671968
0.655198 0.162522 -0.1054241 -0.07620244 0.2446829 0.01305381 -0.966516
0.6697447 0.163502 -0.1021425 -0.07865872 0.246006 0.01718807 -0.9659184
0.684375 0.1640887 -0.09807211 -0.07782981 0.2451852 0.02050141 -0.9661296
0.6976469 0.1641725 -0.09280182 -0.07677488 0.240673 0.02265302 -0.9672999
0.7110552 0.1638879 -0.08790302 -0.07615827 0.2397857 0.02458215 -0.9675218
0.7240051 0.1625071 -0.08294084 -0.07565629 0.2427695 0.02615118 -0.9667757
0.7368069 0.1614051 -0.07769495 -0.07593355 0.2436482 0.02711728 -0.9665063
0.748973 0.1604242 -0.07150398 -0.07614763 0.2421574 0.02833963 -0.966829
0.7611699 0.1591953 -0.06373387 -0.07642128 0.240847 0.02981165 -0.9670904
0.7734483 0.1582948 -0.05739915 -0.07693335 0.2430474 0.03032643 -0.9664831
0.7861044 0.1574803 -0.05124521 -0.07836656 0.2481673 0.03066486 -0.9650551
0.7986965 0.1569889 -0.04468191 -0.07905002 0.2538885 0.03102574 -0.9634984
0.8116598 0.156027 -0.03755946 -0.07794503 0.2584083 0.03008777 -0.9624159
0.8249468 0.1548836 -0.02989996 -0.07564441 0.2617862 0.02815226 -0.961745
0.8390723 0.1536709 -0.02350407 -0.07369401 0.2672805 0.02665097 -0.960427
0.8531211 0.1530998 -0.01580564 -0.07392089 0.2737222 0.02490282 -0.9586406
0.8672006 0.1526537 -0.007684781 -0.07288834 0.2786415 0.02127615 -0.9573889
0.8844165 0.1549035 -0.003356728 -0.07309895 0.2814187 0.01871708 -0.9566137
0.8989698 0.1561951 0.005041859 -0.07474034 0.2836638 0.01680809 -0.9558589
0.9140038 0.1573747 0.01290179 -0.07398214 0.289529 0.01582 -0.9541747
0.9297178 0.1593232 0.02136406 -0.07459829 0.2922472 0.01615447 -0.9532921
0.9441872 0.1597815 0.02967319 -0.07399694 0.2920802 0.01588285 -0.9533947
0.9590452 0.1598234 0.03762451 -0.07175849 0.2932244 0.01580963 -0.9532158
0.9735215 0.1593654 0.0475215 -0.07197188 0.2961188 0.01705539 -0.952283
0.9896003 0.1598005 0.05526024 -0.07415508 0.3009705 0.01991683 -0.9505373
1.005857 0.1596556 0.06328481 -0.07587636 0.3045343 0.02188578 -0.9492221
1.021785 0.1585557 0.07194456 -0.07584986 0.3057635 0.0224995 -0.9488147
1.038267 0.1573287 0.0798661 -0.07693293 0.3076279 0.02183292 -0.9481401
1.055469 0.1556216 0.08726636 -0.07586575 0.311038 0.01932728 -0.9471675
1.072669 0.1538285 0.09467037 -0.07540827 0.3146999 0.01649702 -0.9460473
1.091856 0.1526946 0.1015086 -0.07381065 0.3206592 0.01359707 -0.9442165
1.112027 0.1526774 0.108323 -0.07446099 0.3284406 0.01242295 -0.9415031
1.134708 0.1538059 0.112617 -0.07838906 0.336796 0.01278088 -0.9382219
1.155456 0.155375 0.119594 -0.08027294 0.3433234 0.0118452 -0.9357056
1.176239 0.1568793 0.1267753 -0.07924572 0.3460034 0.008541139 -0.9348416
1.196948 0.1582292 0.1338167 -0.07864561 0.3501324 0.005315751 -0.9333777
1.218718 0.1608362 0.1398578 -0.08124284 0.3566394 0.003387511 -0.9306968
1.240104 0.1638062 0.1460531 -0.08387831 0.3627573 0.002476812 -0.9280978
1.260823 0.1672699 0.1526818 -0.08597522 0.365637 0.002041847 -0.926776
1.280208 0.170288 0.1595466 -0.08695439 0.366635 0.002377748 -0.9262894
1.298817 0.172672 0.1665819 -0.08732866 0.3654252 0.002219379 -0.9267325
1.317488 0.174868 0.1728095 -0.0860649 0.3643817 0.0007460117 -0.9272639
1.335428 0.1758528 0.1791274 -0.08623208 0.3669538 0.0002874136 -0.9262337
1.352373 0.1766201 0.1855215 -0.08760836 0.3695543 0.0005864502 -0.9250697
1.369855 0.1772354 0.1913532 -0.08772837 0.3689671 0.0007322431 -0.9252927
1.384898 0.1773882 0.1980873 -0.08689539 0.3684958 0.001276195 -0.9255584
1.399681 0.1777074 0.2044597 -0.08568472 0.3699905 0.002416432 -0.9250726
1.415267 0.1791777 0.2107791 -0.08234984 0.3725588 0.004404605 -0.9243371
1.429339 0.1797097 0.2175306 -0.07867526 0.3743128 0.006605596 -0.9239354
1.443106 0.1803672 0.2245645 -0.07660121 0.3760603 0.009347321 -0.9233761
1.455152 0.1809234 0.233134 -0.07568892 0.3782591 0.01343751 -0.9225025
1.468746 0.181303 0.2403968 -0.07355798 0.3811909 0.01708314 -0.921407
1.482469 0.1810902 0.247448 -0.07213224 0.385153 0.0193567 -0.9198258
1.494304 0.1814299 0.2567287 -0.07073427 0.3904389 0.01974395 -0.9176952
1.507303 0.1801824 0.2644299 -0.06829315 0.3933121 0.01878441 -0.9166727
1.520133 0.1789043 0.2726068 -0.06587379 0.3947279 0.01646635 -0.9162856
1.533008 0.1784175 0.2816811 -0.06435943 0.397439 0.01431409 -0.9152569
1.547198 0.178142 0.2896327 -0.06462257 0.4016682 0.01250976 -0.9134167
1.561956 0.1780064 0.2976028 -0.06412563 0.4070441 0.01023141 -0.9110973
1.57642 0.1803616 0.3063064 -0.06561481 0.4107616 0.009161145 -0.9093326
1.590317 0.1807376 0.3152781 -0.06659362 0.4127042 0.008057654 -0.9083918
1.603927 0.1809919 0.3247106 -0.06663485 0.4127378 0.007891834 -0.9083749
1.618147 0.1829098 0.3351841 -0.06966741 0.4124251 0.009662778 -0.9082724
1.632988 0.1838734 0.3447594 -0.07240256 0.4144804 0.01247311 -0.9070879
1.648555 0.1847164 0.3548068 -0.07503207 0.4162123 0.01504407 -0.9060416
1.662649 0.1861045 0.3639387 -0.07706068 0.4163613 0.01683495 -0.9057713
1.678877 0.1859512 0.3749393 -0.07706443 0.4159436 0.01846969 -0.9059309
1.695358 0.1852548 0.3862424 -0.07656761 0.4141874 0.01955098 -0.9067547
1.712991 0.1838239 0.3955741 -0.07606824 0.4136754 0.01986316 -0.9070236
1.73143 0.1828988 0.4059581 -0.07540068 0.4169413 0.0205895 -0.9055666
1.750759 0.1822337 0.4161479 -0.07521458 0.4213501 0.02070042 -0.9035367
1.769771 0.180923 0.4249488 -0.07338648 0.421952 0.01871318 -0.9034494
1.790593 0.1805604 0.4353828 -0.07056303 0.420854 0.01611224 -0.9042363
1.813574 0.1809178 0.444874 -0.06911831 0.4253479 0.01466042 -0.9022676
1.840106 0.1828429 0.4518804 -0.07111451 0.434484 0.0141727 -0.8977559
1.864565 0.1840282 0.4609481 -0.07356947 0.4411032 0.0130218 -0.8943411
1.88828 0.1852498 0.4705077 -0.07459036 0.4433769 0.01057869 -0.8931637
1.909697 0.1870552 0.4791825 -0.07729715 0.4434702 0.008772703 -0.8929067
1.933294 0.1890623 0.4883992 -0.0799391 0.4456641 0.007341922 -0.8915938
1.957148 0.1907168 0.4973718 -0.07896229 0.4500662 0.00626579 -0.8894752
1.981826 0.1937061 0.5065375 -0.07791676 0.4537916 0.005698175 -0.8876765
2.003674 0.1951936 0.5162416 -0.07700411 0.4559287 0.005912602 -0.8866591
2.024363 0.1963011 0.526418 -0.07704642 0.4581394 0.006210775 -0.8855132
2.045586 0.1965867 0.5358433 -0.07774716 0.4609023 0.006988198 -0.8840111
2.063928 0.1978325 0.5479407 -0.07801275 0.4627243 0.008623064 -0.8830209
2.080835 0.1992577 0.5613947 -0.08013907 0.4604799 0.01047811 -0.8839831
2.100475 0.198561 0.575095 -0.08030454 0.4599437 0.0112662 -0.8842376
2.117436 0.1982367 0.588915 -0.07941486 0.463441 0.01218018 -0.882478
2.133806 0.1977976 0.6032946 -0.08070449 0.4674146 0.01453299 -0.8802269
2.150029 0.1987274 0.6181912 -0.08212904 0.4688963 0.01675439 -0.879267
2.164659 0.19722 0.6339897 -0.0821778 0.4695594 0.01828337 -0.878878
2.179111 0.1955415 0.6500699 -0.08293148 0.4710135 0.01887655 -0.8780162
2.193475 0.1938608 0.6662945 -0.08392115 0.473965 0.0187057 -0.8763359
2.208053 0.191861 0.683084 -0.08271079 0.4766232 0.01763255 -0.8750305
2.222463 0.1899145 0.7005771 -0.08015116 0.4771325 0.01582682 -0.8750256
2.236405 0.1889196 0.7178221 -0.07882784 0.4774978 0.01350352 -0.8749856
2.251673 0.1882217 0.7357737 -0.0777562 0.4800458 0.011109 -0.87372
2.267232 0.1881924 0.7539536 -0.07989325 0.4825218 0.007078737 -0.8722039
2.284069 0.188149 0.7702645 -0.08166791 0.4842824 0.00124687 -0.8710909
2.299879 0.1884849 0.7891467 -0.08318654 0.4859602 -0.003891498 -0.8700044
2.315518 0.1882561 0.8083368 -0.08408629 0.4862258 -0.008491398 -0.8697367
2.332868 0.1876122 0.8254116 -0.08351197 0.4846176 -0.01177523 -0.8706509
2.349108 0.1878935 0.8440052 -0.08600373 0.4851439 -0.01188973 -0.8701134
2.366225 0.188824 0.8619558 -0.0891837 0.4894446 -0.01016033 -0.8674025
2.386105 0.1913098 0.8787966 -0.09037346 0.4941001 -0.008173468 -0.8646566
2.402868 0.1922141 0.8969657 -0.08895709 0.4946367 -0.006539584 -0.8645105
2.420246 0.1921397 0.9150369 -0.08536591 0.496077 -0.005996734 -0.8640511
2.441338 0.1924429 0.9316147 -0.0824504 0.5014938 -0.004338533 -0.8612126
2.459947 0.1916145 0.9490644 -0.08210774 0.5078834 -0.002206981 -0.857501
2.478624 0.1900077 0.9669142 -0.08064046 0.5119075 -0.0009870828 -0.8552467
2.500293 0.1864001 0.9883763 -0.0772851 0.5162292 -0.0003188849 -0.8529562
2.521444 0.1853494 1.006462 -0.07502853 0.5248944 0.00068748 -0.8478538
2.54336 0.1855922 1.025159 -0.07460857 0.5343205 0.002065867 -0.8419804
2.567145 0.1856733 1.043816 -0.07558278 0.5403884 0.001692534 -0.8380124
2.588615 0.1870181 1.063594 -0.07755364 0.5463046 6.970764E-05 -0.8339885
2.609708 0.1896548 1.083399 -0.08284698 0.5512647 -0.0007816554 -0.8302066
2.632598 0.1961874 1.104542 -0.08656643 0.5560672 -0.001293421 -0.8266159
2.653596 0.1989186 1.124381 -0.08653399 0.5615008 -0.002175212 -0.8229362
2.673392 0.2012075 1.144274 -0.08654135 0.5648217 -0.003906847 -0.8206533
2.694931 0.2030003 1.161708 -0.086036 0.5658027 -0.005823672 -0.820019
2.712358 0.2036754 1.181136 -0.08417926 0.567376 -0.007747949 -0.8191082
2.728274 0.2042319 1.200689 -0.08346776 0.5683882 -0.008878232 -0.8184676
2.745511 0.2056538 1.221214 -0.08383048 0.5684649 -0.008748831 -0.8183786
2.758721 0.2067616 1.241234 -0.08480334 0.5694907 -0.00710696 -0.8175808
2.771117 0.2074774 1.261201 -0.08564893 0.5713846 -0.005626172 -0.8161815
2.784985 0.2075371 1.282809 -0.08529087 0.5732013 -0.005234391 -0.8149468
2.795702 0.2070424 1.303289 -0.08270493 0.573983 -0.004789323 -0.8146659
2.805653 0.2068386 1.324347 -0.08102087 0.5737624 -0.003373087 -0.8149976
2.814351 0.2058734 1.345737 -0.0816366 0.5737231 -0.001995087 -0.8149683
2.824024 0.2056075 1.367383 -0.08264453 0.5748118 -0.0006008447 -0.8141013
2.833438 0.2049458 1.3892 -0.08199895 0.5764095 0.000673771 -0.8130363
2.841865 0.2030334 1.410344 -0.08002577 0.5773346 0.0009786488 -0.812576
2.850031 0.2018622 1.432569 -0.07859512 0.578153 -5.370379E-05 -0.8121342
2.857823 0.2007805 1.454956 -0.07732419 0.5788268 -0.002202004 -0.8117732
2.86162 0.1984871 1.479105 -0.07579441 0.5801392 -0.005090178 -0.8109673
2.869092 0.1980631 1.501601 -0.07614057 0.5808622 -0.009140046 -0.8103815
2.87687 0.1975747 1.524058 -0.07456081 0.5815805 -0.01359624 -0.8099506
2.882031 0.1986296 1.545323 -0.07199163 0.5851077 -0.01637227 -0.8075879
2.889321 0.1995346 1.567198 -0.07394691 0.586116 -0.01667944 -0.8066733
2.896493 0.1999661 1.588685 -0.07472865 0.5854117 -0.01650152 -0.8071162
2.900044 0.1999616 1.608713 -0.07396672 0.5874552 -0.01473647 -0.8057346
2.908666 0.2007111 1.629698 -0.07726405 0.5913681 -0.012097 -0.8026006
2.91764 0.2010805 1.651206 -0.08028535 0.5954378 -0.009437443 -0.7993242
2.925019 0.2006101 1.673572 -0.08184059 0.5963704 -0.007375361 -0.7984924
2.933565 0.1992576 1.696211 -0.08225143 0.5959626 -0.006709009 -0.7987605
2.942761 0.1975911 1.718768 -0.08218599 0.5973555 -0.006729484 -0.7977259
2.957123 0.1972191 1.740871 -0.0815763 0.5998397 -0.007022083 -0.7959198
2.967506 0.1956191 1.763481 -0.08023042 0.6019648 -0.007920058 -0.7944425
2.978548 0.1943475 1.786164 -0.07874671 0.6044863 -0.009149254 -0.7926611
2.993407 0.1938161 1.808259 -0.07824016 0.6095157 -0.009574085 -0.7888457
3.005966 0.1940184 1.830328 -0.07910464 0.6163408 -0.01014316 -0.7834307
3.017758 0.1943258 1.852015 -0.07941249 0.6210189 -0.01233831 -0.7796646
3.030521 0.1976403 1.873035 -0.08051459 0.6236011 -0.01506707 -0.7774394
3.041461 0.1996162 1.893673 -0.08115533 0.6278577 -0.01803672 -0.7738755
3.052241 0.2021543 1.913918 -0.08135334 0.6340645 -0.02046129 -0.7687166
3.063357 0.204438 1.934594 -0.08150811 0.6378584 -0.02232158 -0.765503
3.071394 0.2059616 1.954305 -0.07910887 0.6383912 -0.02424893 -0.7652519
3.079033 0.2068264 1.973465 -0.07664333 0.6397766 -0.02540022 -0.7643079
3.090796 0.2104797 1.992378 -0.0758282 0.644023 -0.02518428 -0.7608221
3.09713 0.2113846 2.010676 -0.07651618 0.647508 -0.0239659 -0.7578287
3.101767 0.2121975 2.028866 -0.07796234 0.6485269 -0.02312455 -0.7568355
3.107559 0.2135102 2.044876 -0.07773203 0.6486399 -0.02328277 -0.7567576
3.110962 0.2133867 2.062404 -0.07648528 0.6501191 -0.02328682 -0.7556142
3.113958 0.2131091 2.079583 -0.07611734 0.6530674 -0.02263919 -0.7531246
3.118002 0.2137655 2.096947 -0.07556123 0.6552544 -0.02221662 -0.7512913
3.118785 0.2132375 2.114046 -0.07561639 0.6567028 -0.0215469 -0.7500396
3.118624 0.2130231 2.130962 -0.07682208 0.6587598 -0.02058056 -0.748138
3.116117 0.2127321 2.147102 -0.07691593 0.6613065 -0.01977623 -0.7458998
3.1139 0.2121894 2.163874 -0.07635033 0.6625649 -0.02000323 -0.7448344
3.111175 0.2113584 2.180783 -0.07541028 0.663348 -0.02059555 -0.7442167
3.107789 0.2111613 2.198131 -0.07501794 0.6652485 -0.02143437 -0.7425345
3.104718 0.210095 2.215461 -0.07417504 0.6666159 -0.0220145 -0.7413749
3.101085 0.2092047 2.232718 -0.07415587 0.6654826 -0.0229519 -0.7423658
3.09763 0.2076102 2.248565 -0.07275841 0.6648254 -0.02523583 -0.7430185
3.094548 0.2069681 2.26532 -0.07032247 0.6648336 -0.02706266 -0.7431815
3.091459 0.2067164 2.281916 -0.06810466 0.6641596 -0.0275529 -0.7439722
3.089461 0.2081394 2.298638 -0.06611735 0.6625618 -0.02723807 -0.745586
3.087265 0.208175 2.314346 -0.06531 0.6620952 -0.0257287 -0.746125
3.085894 0.208763 2.32944 -0.0663178 0.6637678 -0.02318254 -0.7446321
3.084793 0.2085057 2.347034 -0.0680064 0.6653545 -0.01988 -0.7431576
3.083232 0.209689 2.361445 -0.06945714 0.6649448 -0.01665998 -0.7434693
3.082035 0.2107702 2.375616 -0.0699893 0.6640094 -0.01384652 -0.7443126
3.082898 0.2127041 2.39082 -0.07053424 0.6654146 -0.011439 -0.7430461
3.083349 0.2133183 2.404585 -0.07172988 0.6676428 -0.009667397 -0.7409551
3.083642 0.2133101 2.418142 -0.07211838 0.6684701 -0.008913637 -0.7401806
3.087255 0.2124807 2.430896 -0.07262465 0.6686534 -0.008414298 -0.7399714
3.088246 0.2121139 2.443603 -0.07368854 0.6701762 -0.008422972 -0.7384869
3.089772 0.2115585 2.455895 -0.07352099 0.6722945 -0.009220868 -0.7365662
3.093781 0.2106219 2.467636 -0.07319082 0.6737717 -0.01092318 -0.7352248
3.096001 0.2106452 2.47923 -0.07365162 0.6752663 -0.01278904 -0.733776
3.098809 0.2107881 2.49057 -0.07384092 0.6774995 -0.01498312 -0.731654
3.102127 0.2110202 2.502073 -0.07475013 0.6809646 -0.0174712 -0.7282819
3.10543 0.2113612 2.512702 -0.07529397 0.6842687 -0.02039224 -0.7250459
3.108248 0.2113465 2.522962 -0.07373024 0.6868588 -0.02359397 -0.7226563
3.110396 0.2114582 2.532968 -0.07337657 0.6874008 -0.02669808 -0.7220687
3.11199 0.2116439 2.542227 -0.07357831 0.6875568 -0.02937863 -0.7217955
3.11371 0.2116396 2.550813 -0.07245318 0.6886169 -0.03095216 -0.7208323
3.115622 0.2110161 2.557769 -0.07127623 0.6894557 -0.03188891 -0.7201067
3.117245 0.2108558 2.564904 -0.07001583 0.6903535 -0.03273574 -0.7193318
3.118526 0.2103455 2.571413 -0.06805585 0.6910327 -0.03395275 -0.7188111
3.118523 0.206518 2.577153 -0.06463775 0.6903983 -0.03497732 -0.7196865
3.118223 0.205787 2.583117 -0.06263114 0.6879413 -0.03602225 -0.722161
3.117725 0.2052481 2.588849 -0.06220714 0.685544 -0.03723508 -0.7244123
3.117816 0.2039187 2.592337 -0.06215025 0.6844706 -0.03719378 -0.7254336
3.11781 0.2036669 2.597533 -0.06161774 0.6837843 -0.03665403 -0.7261534
3.117455 0.2033068 2.602491 -0.06102965 0.6814857 -0.03642876 -0.7283719
3.115023 0.2037886 2.605937 -0.06116155 0.6791527 -0.03588453 -0.7305637
3.114917 0.203858 2.609884 -0.06121216 0.6784955 -0.03490705 -0.7312171
3.114665 0.2039977 2.613505 -0.06150702 0.6776433 -0.03411737 -0.7320194
3.112231 0.203731 2.615675 -0.06207571 0.6749422 -0.03372267 -0.734481
3.111557 0.2038609 2.618797 -0.06242902 0.6727639 -0.03314942 -0.736473
3.111381 0.2041117 2.621413 -0.06229341 0.6723989 -0.03157223 -0.736887
3.113387 0.2056449 2.623567 -0.06247916 0.673003 -0.03002783 -0.7363842
3.112952 0.2056038 2.625133 -0.06189219 0.6726336 -0.0291636 -0.7368059
3.112115 0.2053552 2.626105 -0.06152834 0.6719497 -0.02900726 -0.7374663
3.113224 0.2053018 2.626575 -0.06180291 0.6723119 -0.02961812 -0.7370888
3.112123 0.2048463 2.626715 -0.06166715 0.6725351 -0.02985412 -0.736887
3.110892 0.20459 2.626694 -0.06173189 0.6729763 -0.02982978 -0.7364796
3.108481 0.2052377 2.624988 -0.06343509 0.6737524 -0.03029829 -0.7356058
3.106464 0.2054114 2.624978 -0.06518311 0.6727176 -0.03079975 -0.7363787
3.10412 0.2051392 2.624957 -0.06488494 0.6719258 -0.03145749 -0.7370998
3.103812 0.205337 2.625644 -0.06668953 0.6736377 -0.03181589 -0.7353588
3.102726 0.2054532 2.62492 -0.06855232 0.6779739 -0.03195373 -0.7311847
3.100873 0.2055902 2.623929 -0.07007296 0.6797901 -0.03218753 -0.7293416
3.0987 0.2049757 2.623651 -0.0705146 0.679714 -0.03295422 -0.7293357
3.095938 0.2048459 2.621935 -0.0714559 0.679718 -0.03386104 -0.7291989
3.092802 0.204746 2.619812 -0.07253582 0.6788158 -0.03468898 -0.7298934
3.091439 0.2045938 2.616783 -0.07330028 0.6778128 -0.03556538 -0.7307066
3.089294 0.2045351 2.613559 -0.07392497 0.6795428 -0.03641773 -0.7289928
3.087329 0.2045772 2.609767 -0.07524321 0.6808363 -0.0374645 -0.7275967
3.088237 0.2033165 2.605968 -0.07475049 0.6798259 -0.03700114 -0.7286152
3.085203 0.2034111 2.600515 -0.07498435 0.6777119 -0.03666893 -0.7305747
3.082008 0.2037653 2.593964 -0.07709876 0.6752761 -0.03801301 -0.7325388
3.078934 0.2047979 2.586856 -0.0775509 0.6726618 -0.03881532 -0.7348506
3.075619 0.205454 2.578104 -0.07516832 0.670332 -0.03882105 -0.737223
3.07223 0.2060121 2.568295 -0.07378939 0.6682264 -0.04127929 -0.7391378
3.066167 0.2064131 2.558258 -0.07509489 0.6654096 -0.04645548 -0.7412373
3.061424 0.2066009 2.545936 -0.07752014 0.6620044 -0.05152148 -0.7436979
3.055906 0.2067237 2.53222 -0.07730532 0.6592152 -0.05337259 -0.7460635
3.047699 0.2073026 2.516882 -0.07464085 0.6576045 -0.05249123 -0.7478166
3.041248 0.2070361 2.500595 -0.07599492 0.6558174 -0.05455834 -0.7491006
3.034427 0.2064901 2.483195 -0.07974882 0.6535407 -0.05765328 -0.7504671
3.026161 0.2048981 2.46413 -0.08284876 0.6517653 -0.05855629 -0.7516045
3.017508 0.2042544 2.44543 -0.08256982 0.6497 -0.05641256 -0.7535846
3.008873 0.2035618 2.426411 -0.08205341 0.648905 -0.05404861 -0.7544987
2.999126 0.2029606 2.406711 -0.0819704 0.6500579 -0.05175481 -0.7536758
2.990221 0.2029635 2.387181 -0.08339528 0.6508729 -0.04972199 -0.7529525
2.98094 0.2035657 2.367436 -0.08726556 0.6501174 -0.04948828 -0.7531819
2.971581 0.2046109 2.346746 -0.08853508 0.6495053 -0.04703424 -0.753719
2.963272 0.2061839 2.327047 -0.08914445 0.6509971 -0.04737297 -0.7523376
2.95545 0.2080193 2.308111 -0.08870328 0.6506216 -0.04708472 -0.7527326
2.947703 0.2111237 2.29046 -0.08603788 0.6495516 -0.0470942 -0.7539644
2.940931 0.2134748 2.273324 -0.08064599 0.6487877 -0.04560703 -0.7553084
2.934863 0.2155978 2.257085 -0.07774989 0.6484885 -0.0453409 -0.7558848
2.928188 0.2170347 2.242497 -0.07749528 0.6481395 -0.04641015 -0.7561454
2.923775 0.2179977 2.228165 -0.07811875 0.6485956 -0.04735536 -0.7556313
2.919882 0.2186197 2.214728 -0.07771371 0.6493421 -0.04715524 -0.7550442
2.914622 0.2182558 2.204439 -0.07722328 0.6486575 -0.04704431 -0.7556897
2.911744 0.218375 2.192747 -0.07628248 0.6475618 -0.04818136 -0.7566527
2.909249 0.2182524 2.182026 -0.07516727 0.6475586 -0.04941997 -0.7566872
2.906388 0.2185386 2.173973 -0.07321388 0.6475616 -0.05118564 -0.7567587
2.904821 0.2185037 2.165352 -0.07259891 0.647242 -0.05466333 -0.7568482
2.903312 0.2186347 2.157336 -0.07235698 0.6471996 -0.05677543 -0.7567521
2.899779 0.2178033 2.151652 -0.07211378 0.6480639 -0.0571287 -0.7560086
2.898379 0.2182412 2.144661 -0.07061031 0.649704 -0.05526549 -0.7548805
2.897021 0.2186204 2.138213 -0.06893767 0.6511075 -0.0532156 -0.7539726
2.899106 0.2201813 2.133026 -0.06829506 0.6513703 -0.05271828 -0.753839
2.897841 0.2206669 2.127655 -0.06790004 0.6500729 -0.05325157 -0.7549564
2.896663 0.2212946 2.122567 -0.0683668 0.6481368 -0.05468986 -0.7564746
2.898231 0.2212573 2.118119 -0.06580643 0.6464135 -0.05359334 -0.7582526
2.897818 0.2224294 2.113267 -0.06213057 0.6447113 -0.05191708 -0.7601262
2.897579 0.2238042 2.108371 -0.05858047 0.6439581 -0.0495379 -0.7612045
2.899147 0.2255818 2.102228 -0.05596475 0.6432311 -0.04743106 -0.7621496
2.899405 0.227292 2.096843 -0.05526648 0.6420887 -0.04627926 -0.7632338
2.89997 0.2286546 2.091309 -0.05486266 0.6412636 -0.04509196 -0.7640274
2.90349 0.2304239 2.073719 -0.05310303 0.640556 -0.04309011 -0.7648603
2.904682 0.2310524 2.067512 -0.0488852 0.639617 -0.03972313 -0.7661086
2.905988 0.2312925 2.061056 -0.04309279 0.637522 -0.03549725 -0.7684066
2.905732 0.2317354 2.052773 -0.03872437 0.6344029 -0.03361944 -0.7712997
2.908339 0.2312395 2.046035 -0.03922087 0.6306905 -0.03608546 -0.7742022
2.9113 0.2304404 2.039322 -0.04226217 0.6275745 -0.03957302 -0.7764008
2.908977 0.2274143 2.033802 -0.04384098 0.6267703 -0.04020742 -0.7769301
2.91136 0.2261003 2.027174 -0.04418549 0.6280115 -0.03857002 -0.7759907
2.913436 0.2246107 2.020335 -0.0460237 0.6285623 -0.03794176 -0.7754688
2.913613 0.2240465 2.012661 -0.05011666 0.6278112 -0.04012075 -0.7757137
2.915563 0.2224487 2.005483 -0.05354122 0.6261023 -0.04248074 -0.7767398
2.917537 0.221049 1.998294 -0.05579389 0.6249044 -0.04337889 -0.7774959
2.91942 0.2210076 1.988508 -0.05642602 0.624212 -0.04224268 -0.7780688
2.921634 0.2202901 1.981514 -0.05741632 0.623616 -0.04119635 -0.7785302
2.923705 0.2198089 1.974749 -0.05849013 0.6231663 -0.04062593 -0.7788403
2.923384 0.2198905 1.966274 -0.05946443 0.6224394 -0.04034913 -0.779362
2.925055 0.2198967 1.959494 -0.06001094 0.6217398 -0.04017395 -0.7798874
2.9266 0.2201207 1.952687 -0.05921388 0.621267 -0.03971666 -0.7803484
2.929076 0.2193457 1.943573 -0.05758331 0.6210787 -0.03959141 -0.7806267
2.930884 0.2195391 1.937062 -0.05651739 0.6209434 -0.04072818 -0.7807536
2.932376 0.219725 1.930847 -0.05563764 0.6206474 -0.04194716 -0.7809876
2.933502 0.2197247 1.922915 -0.05453158 0.6206939 -0.0427171 -0.780987
2.934412 0.2201026 1.91735 -0.05402783 0.6218253 -0.0437325 -0.7800653
2.935399 0.2204776 1.912225 -0.05302742 0.6233132 -0.04439035 -0.7789083
2.938852 0.2196333 1.905651 -0.05074683 0.6246466 -0.04385826 -0.7780218
2.940048 0.2198308 1.901347 -0.04972867 0.624612 -0.04427416 -0.7780917
2.941284 0.2198647 1.897416 -0.05079103 0.6241984 -0.0458684 -0.7782627
2.942954 0.2203036 1.893149 -0.05096773 0.6237374 -0.04656703 -0.7785792
2.94381 0.2202509 1.890013 -0.05137808 0.6234666 -0.04727605 -0.7787264
2.944538 0.2200951 1.887243 -0.05144134 0.623328 -0.04772279 -0.7788059
2.943483 0.2201103 1.884897 -0.05138752 0.6233649 -0.04776326 -0.7787774
2.944022 0.2199063 1.882791 -0.04963724 0.6245746 -0.04558966 -0.7780516
2.944645 0.2196725 1.881053 -0.04970407 0.6243776 -0.04497534 -0.7782412
