1.60272 -1.129323 1.547811 -0.02228093 -0.9641228 0.07702754 -0.2530566
1.603525 -1.13034 1.545269 -0.02194697 -0.9637558 0.07885863 -0.2539181
1.603825 -1.130457 1.545001 -0.02226618 -0.9636962 0.07966695 -0.2538643
1.603933 -1.130649 1.544518 -0.02250016 -0.9636276 0.07989056 -0.2540337
1.604121 -1.130823 1.544414 -0.02298749 -0.963506 0.08035634 -0.2543042
1.604308 -1.13101 1.544346 -0.0233486 -0.9634539 0.08085905 -0.2543093
1.604375 -1.130977 1.54421 -0.02346981 -0.9634708 0.08051212 -0.2543444
1.604477 -1.131155 1.544286 -0.02375185 -0.9634147 0.08068 -0.2544774
1.604596 -1.131184 1.544041 -0.02389113 -0.963318 0.08104281 -0.2547152
1.604628 -1.13134 1.544203 -0.02374292 -0.9632235 0.08116249 -0.2550481
1.604686 -1.131482 1.544389 -0.02371493 -0.9631683 0.08115631 -0.2552611
1.6048 -1.131611 1.54451 -0.02395946 -0.9632061 0.08128116 -0.2550558
1.605039 -1.131606 1.544211 -0.02432707 -0.9632519 0.08165823 -0.2547272
1.605061 -1.13163 1.544458 -0.02462978 -0.9633321 0.08154273 -0.2544315
1.604997 -1.131583 1.544776 -0.02486185 -0.9633803 0.08136062 -0.2542848
1.604935 -1.131397 1.544731 -0.02490533 -0.9633937 0.08122244 -0.254274
1.604788 -1.131256 1.545062 -0.02485291 -0.9633726 0.08090387 -0.2544606
1.60471 -1.131044 1.545009 -0.02486479 -0.9633271 0.08069919 -0.2546965
1.604574 -1.130936 1.545265 -0.02472723 -0.9633124 0.08052101 -0.2548217
1.604511 -1.130855 1.545364 -0.02464209 -0.9632779 0.08081574 -0.2548671
1.604499 -1.130824 1.545422 -0.02461404 -0.9632635 0.08102585 -0.2548577
1.604551 -1.130769 1.545223 -0.02449847 -0.9633066 0.08078194 -0.2547834
1.604604 -1.130797 1.545217 -0.02442393 -0.9632868 0.08123847 -0.2547202
1.604665 -1.130876 1.545222 -0.02438876 -0.963303 0.08145779 -0.2545923
1.604824 -1.131028 1.544837 -0.02442974 -0.9633359 0.08144705 -0.254467
1.604873 -1.131222 1.544847 -0.02457136 -0.9633459 0.08152815 -0.2543897
1.605054 -1.131505 1.544472 -0.02488712 -0.9633169 0.08182925 -0.2543724
1.605216 -1.13171 1.544348 -0.02514228 -0.963374 0.08185428 -0.2541228
1.605455 -1.131859 1.5441 -0.02533177 -0.963397 0.08251202 -0.253804
1.60567 -1.131925 1.543918 -0.02537999 -0.9634275 0.0830018 -0.253523
1.60589 -1.132097 1.543914 -0.02521908 -0.9634516 0.08292861 -0.2534716
1.605953 -1.132121 1.544034 -0.0250111 -0.9634258 0.08284125 -0.253619
1.606067 -1.132139 1.544186 -0.02498627 -0.9633224 0.08278499 -0.2540321
1.606419 -1.132258 1.544458 -0.02489916 -0.963244 0.08224577 -0.2545128
1.606887 -1.132269 1.544535 -0.02503372 -0.9631971 0.08225781 -0.2546731
1.607729 -1.132241 1.544436 -0.02522397 -0.9631641 0.08291607 -0.2545656
1.608761 -1.132174 1.544284 -0.02507392 -0.9632413 0.08258102 -0.2543971
1.610226 -1.132064 1.544444 -0.02484828 -0.9633437 0.08218267 -0.2541604
1.612173 -1.131929 1.544157 -0.02498499 -0.9633187 0.0831083 -0.2539406
1.614569 -1.131831 1.544324 -0.02508098 -0.9633926 0.08374225 -0.253442
1.617218 -1.131709 1.544704 -0.02504215 -0.9635947 0.08342867 -0.2527803
1.620146 -1.131526 1.54512 -0.02490625 -0.9638765 0.08299295 -0.2518611
1.623378 -1.13146 1.545269 -0.02440351 -0.964137 0.08275326 -0.2509906
1.626765 -1.131109 1.545698 -0.02361369 -0.9642835 0.08254468 -0.2505717
1.630336 -1.130782 1.546157 -0.02257756 -0.964543 0.08162294 -0.2499695
1.634216 -1.130591 1.546273 -0.02142772 -0.9649668 0.08048473 -0.2488016
1.638247 -1.130393 1.54583 -0.02090231 -0.9653913 0.08056402 -0.2471684
1.642341 -1.130291 1.544899 -0.02094776 -0.9657891 0.08151493 -0.2452916
1.646445 -1.130337 1.543425 -0.02136037 -0.9661399 0.08269708 -0.243472
1.650501 -1.130459 1.541832 -0.0215202 -0.9665414 0.08352818 -0.2415733
1.654522 -1.130662 1.539875 -0.02130929 -0.9669724 0.08412457 -0.2396527
1.658453 -1.131022 1.537503 -0.0211047 -0.9673504 0.08452617 -0.2379984
1.662343 -1.131631 1.534412 -0.02142966 -0.9675387 0.08558272 -0.2368233
1.666227 -1.132609 1.530699 -0.02279648 -0.9673991 0.08729342 -0.2366416
1.669979 -1.133898 1.526716 -0.02485973 -0.9670315 0.08828692 -0.2375658
1.67386 -1.135383 1.521984 -0.0270978 -0.9664143 0.08944567 -0.2393921
1.677715 -1.13669 1.516731 -0.02869153 -0.9656758 0.09032444 -0.2418442
1.681332 -1.137821 1.51153 -0.0291974 -0.9651038 0.09036836 -0.2440407
1.684741 -1.138513 1.505316 -0.02870032 -0.9646773 0.08994699 -0.245934
1.687754 -1.139012 1.49873 -0.02771002 -0.964385 0.08863995 -0.2476627
1.69031 -1.139489 1.491957 -0.02681282 -0.9640617 0.08683823 -0.2496503
1.692731 -1.140081 1.484557 -0.02669573 -0.9635644 0.08545624 -0.2520482
1.695057 -1.140815 1.476602 -0.02767572 -0.9628147 0.08512589 -0.254903
1.697464 -1.141805 1.467978 -0.02906531 -0.9620695 0.0844957 -0.2577555
1.699721 -1.142491 1.459322 -0.03017182 -0.9614199 0.08334886 -0.2604122
1.702136 -1.142985 1.450156 -0.0310441 -0.9607853 0.08299284 -0.2627549
1.704991 -1.143348 1.440273 -0.03153334 -0.9601766 0.08282634 -0.2649648
1.707441 -1.14349 1.430625 -0.03157127 -0.9596582 0.08248292 -0.2669381
1.709806 -1.143602 1.420809 -0.0316931 -0.9593063 0.08189708 -0.2683653
1.71242 -1.143924 1.410684 -0.03270233 -0.9589486 0.08153789 -0.2696289
1.714707 -1.144154 1.400558 -0.03465304 -0.9582606 0.08297404 -0.2713873
1.71676 -1.144215 1.390712 -0.03637839 -0.957388 0.08425631 -0.2738352
1.719193 -1.14423 1.380921 -0.03731269 -0.9565161 0.08473811 -0.2765938
1.721379 -1.143979 1.371918 -0.03752434 -0.9556895 0.08460055 -0.2794496
1.723835 -1.143633 1.363249 -0.0372186 -0.9551324 0.0831686 -0.2818155
1.72845 -1.14326 1.353495 -0.03743577 -0.9547908 0.08284004 -0.2830383
1.73223 -1.143287 1.34406 -0.0384366 -0.9544471 0.08395419 -0.2837343
1.736379 -1.143558 1.334133 -0.03966937 -0.9541903 0.08553194 -0.2839569
1.741758 -1.144273 1.322649 -0.04070458 -0.9540368 0.08755308 -0.2837098
1.746662 -1.1448 1.311941 -0.04072979 -0.9540395 0.08937492 -0.2831286
1.75184 -1.145362 1.300995 -0.03974164 -0.9542153 0.09103192 -0.2821471
1.75796 -1.146277 1.289133 -0.03850031 -0.9546095 0.09249847 -0.2805041
1.763993 -1.147153 1.278117 -0.03713781 -0.95517 0.09319385 -0.2785428
1.770476 -1.148129 1.267236 -0.03617934 -0.9557791 0.09309292 -0.2766065
1.778043 -1.149494 1.255774 -0.03562725 -0.9563563 0.09227657 -0.2749518
1.785357 -1.150237 1.245812 -0.03468719 -0.9569684 0.0897778 -0.2737667
1.793085 -1.150742 1.236241 -0.03367249 -0.9575209 0.0870748 -0.2728331
1.801293 -1.151198 1.225956 -0.03266332 -0.9581224 0.08475216 -0.2715724
1.809858 -1.151225 1.216525 -0.03166932 -0.9588873 0.08295409 -0.2695383
1.818913 -1.150936 1.206911 -0.03079999 -0.9596885 0.08248454 -0.2669187
1.828768 -1.150275 1.195795 -0.02969581 -0.9606273 0.08258227 -0.2636165
1.838454 -1.149384 1.186071 -0.02849356 -0.9615964 0.08267161 -0.2601652
1.848297 -1.148619 1.1764 -0.02809721 -0.962554 0.08315768 -0.2564862
1.858339 -1.14793 1.165964 -0.02806566 -0.9635485 0.08335102 -0.2526645
1.867969 -1.147617 1.156741 -0.02800542 -0.964507 0.08268968 -0.2492074
1.877483 -1.147663 1.147738 -0.02838475 -0.9652414 0.08256284 -0.2463466
1.887028 -1.147707 1.137712 -0.02876887 -0.9657428 0.08349166 -0.2440133
1.896182 -1.147999 1.128831 -0.0291431 -0.9660472 0.08506368 -0.2422144
1.905688 -1.14849 1.118127 -0.02963218 -0.9662008 0.08706295 -0.2408278
1.914146 -1.14853 1.109737 -0.03015852 -0.9662231 0.08951464 -0.2397717
1.922058 -1.148372 1.102148 -0.03000957 -0.9663153 0.08991326 -0.2392695
1.929579 -1.148097 1.094935 -0.02919707 -0.9666164 0.08891812 -0.2385245
1.937144 -1.148023 1.08676 -0.0285838 -0.9668962 0.08909647 -0.2373951
1.944377 -1.147958 1.079202 -0.02785921 -0.9672014 0.08942814 -0.2361104
1.951391 -1.14811 1.071432 -0.02744511 -0.9673413 0.0905505 -0.2351557
1.95815 -1.148673 1.063295 -0.02786491 -0.9674066 0.09135082 -0.2345272
1.964932 -1.149331 1.055372 -0.028943 -0.9673951 0.09250431 -0.2339915
1.971585 -1.150097 1.047278 -0.03050406 -0.9672952 0.09373306 -0.2337173
1.977982 -1.151006 1.038985 -0.03206829 -0.967153 0.09425603 -0.2338857
1.984379 -1.151631 1.030598 -0.0329994 -0.9670654 0.0946719 -0.2339504
1.990567 -1.152075 1.022096 -0.03315264 -0.9669652 0.09453338 -0.2343985
1.996113 -1.15229 1.013738 -0.03272197 -0.9669668 0.09278126 -0.2351514
2.001736 -1.152341 1.005169 -0.03216571 -0.9669438 0.09109833 -0.2359792
2.007174 -1.152355 0.9965096 -0.03196553 -0.966807 0.08941195 -0.2372087
2.012272 -1.152276 0.9876334 -0.03204283 -0.9665993 0.08762094 -0.2387081
2.017293 -1.152163 0.9786781 -0.03206575 -0.966277 0.08586919 -0.2406388
2.022171 -1.152011 0.9696025 -0.03177929 -0.9659038 0.08370141 -0.2429283
2.026528 -1.151723 0.9607204 -0.031086 -0.9654852 0.08170225 -0.2453503
2.031382 -1.151551 0.9508396 -0.03067842 -0.9650458 0.08085466 -0.2474026
2.036428 -1.151353 0.9405408 -0.03062093 -0.9646506 0.08078493 -0.2489688
2.041038 -1.151036 0.9305397 -0.03038198 -0.9643487 0.08004542 -0.2504023
2.045977 -1.150423 0.9199925 -0.03007609 -0.9639574 0.07956062 -0.2520947
2.050766 -1.149624 0.9093673 -0.02960536 -0.9635701 0.07894836 -0.2538176
2.054856 -1.148741 0.9003251 -0.02889502 -0.9632968 0.077072 -0.2555077
2.059273 -1.147971 0.8900926 -0.02832714 -0.9630697 0.07451009 -0.2571819
2.063781 -1.147469 0.8795248 -0.0285154 -0.9627596 0.07358765 -0.2585842
2.067283 -1.147286 0.8706789 -0.02938924 -0.9623003 0.07368691 -0.2601628
2.071829 -1.14732 0.8605458 -0.03046847 -0.9617898 0.07341697 -0.2619961
2.076333 -1.147465 0.8506222 -0.03167212 -0.961289 0.0735097 -0.2636603
2.080135 -1.148033 0.8420525 -0.03286559 -0.9607574 0.07490398 -0.2650554
2.084507 -1.148159 0.8323082 -0.03357596 -0.9602156 0.07716861 -0.2662775
2.088519 -1.14822 0.8231661 -0.03349343 -0.9596933 0.07796732 -0.2679331
2.091722 -1.148567 0.8159615 -0.03340719 -0.9592784 0.07840756 -0.2692977
2.09602 -1.148687 0.8069565 -0.03358785 -0.9589215 0.0804758 -0.2699353
2.100683 -1.148733 0.7979538 -0.03364843 -0.9585231 0.08274056 -0.2706571
2.105319 -1.148543 0.7898965 -0.03341064 -0.9582206 0.08430538 -0.271274
2.110664 -1.148671 0.7810107 -0.03311149 -0.9580441 0.08588763 -0.2714381
2.116376 -1.14892 0.7721891 -0.03298068 -0.9579718 0.0871134 -0.2713182
2.121941 -1.1493 0.7640455 -0.03284169 -0.9580116 0.08799805 -0.2709089
2.128143 -1.149714 0.7555629 -0.03261367 -0.958241 0.08790185 -0.2701551
2.134582 -1.150159 0.7473485 -0.03212795 -0.9587433 0.08667371 -0.2688248
2.141039 -1.15049 0.7394952 -0.03144449 -0.9593688 0.08530495 -0.2671064
2.14819 -1.150928 0.7311845 -0.03055418 -0.9599975 0.08386574 -0.2654012
2.155569 -1.15143 0.7228103 -0.02927983 -0.9607182 0.08197131 -0.2635222
2.163467 -1.15196 0.7140903 -0.02811346 -0.96139 0.08057597 -0.2616228
2.171792 -1.152537 0.7051564 -0.02719256 -0.9619324 0.07963031 -0.2600109
2.180531 -1.153014 0.6959326 -0.02654451 -0.9624896 0.07959127 -0.2580202
2.190087 -1.153401 0.6864038 -0.02621636 -0.9631115 0.08036064 -0.2554824
2.199111 -1.153308 0.6773958 -0.02563101 -0.9637773 0.08060829 -0.2529401
2.208089 -1.152846 0.6687503 -0.02498388 -0.964531 0.08035914 -0.2501962
2.217669 -1.152456 0.6604456 -0.02484471 -0.9653074 0.07974651 -0.2473965
2.226155 -1.151384 0.6529974 -0.02471104 -0.9660824 0.07823069 -0.2448552
2.234251 -1.150107 0.6459953 -0.02457953 -0.9667994 0.07647545 -0.2425824
2.243146 -1.149434 0.6380941 -0.02514398 -0.9674513 0.07659166 -0.239874
2.250502 -1.148244 0.6313688 -0.0257566 -0.9679973 0.07743055 -0.2373236
2.256948 -1.147133 0.6255795 -0.02568075 -0.9684308 0.07632995 -0.2359154
2.264612 -1.146955 0.6195992 -0.02517635 -0.9687156 0.07500549 -0.2352244
2.269947 -1.146199 0.6143674 -0.02441844 -0.9687104 0.07549677 -0.2351684
2.274812 -1.145741 0.6093621 -0.02370549 -0.9685439 0.07612847 -0.2357227
2.281131 -1.145928 0.6037639 -0.02333901 -0.9683638 0.07623593 -0.2364633
2.285105 -1.146072 0.5989748 -0.02340812 -0.9681095 0.07678456 -0.2373186
2.288589 -1.146441 0.5942965 -0.02385116 -0.9677358 0.07773127 -0.2384879
2.292704 -1.146584 0.5881789 -0.0241445 -0.96723 0.07829928 -0.2403175
2.295119 -1.147092 0.583562 -0.02470884 -0.9665797 0.08018545 -0.242247
2.299314 -1.147652 0.5767256 -0.02545569 -0.9661312 0.08166698 -0.2434608
2.300624 -1.148211 0.5730373 -0.02576444 -0.9659166 0.08060271 -0.2446312
2.30155 -1.148639 0.5695216 -0.02622167 -0.9655359 0.08054202 -0.2461013
2.302066 -1.14875 0.5664316 -0.02636153 -0.9651831 0.07997634 -0.24765
2.303914 -1.148382 0.5622197 -0.02618003 -0.9647968 0.07852806 -0.2496299
2.304025 -1.147588 0.5598381 -0.02576244 -0.9643627 0.0773984 -0.2516949
2.305832 -1.146063 0.5558534 -0.02474999 -0.9641023 0.07519971 -0.2534544
2.305422 -1.144202 0.5542296 -0.02340979 -0.9640495 0.07200199 -0.2547082
2.304497 -1.141823 0.5530576 -0.02159181 -0.9642065 0.06736162 -0.2555427
2.303066 -1.139092 0.5523635 -0.01958448 -0.9643961 0.06148286 -0.2564694
2.303651 -1.13626 0.5497918 -0.0179829 -0.9644669 0.05636285 -0.2574945
2.301769 -1.133008 0.5491084 -0.01654005 -0.9643965 0.05165453 -0.258839
2.299717 -1.129678 0.5485424 -0.01512086 -0.9642719 0.04688938 -0.2602932
2.299509 -1.126636 0.54555 -0.0134697 -0.9642968 0.0412216 -0.261249
2.297297 -1.123423 0.5449335 -0.01184589 -0.9644288 0.03564889 -0.2616601
2.296836 -1.120512 0.5434216 -0.01041147 -0.9646294 0.03107654 -0.2615644
2.294714 -1.117582 0.5425388 -0.008802446 -0.9648625 0.02713091 -0.2612026
2.292674 -1.114947 0.5416151 -0.007359863 -0.9651347 0.02360817 -0.2605831
2.292612 -1.112895 0.5395643 -0.006220282 -0.9653791 0.02004818 -0.260005
2.290737 -1.110938 0.5390471 -0.005239785 -0.9655197 0.01616094 -0.2597751
2.289017 -1.109274 0.5387096 -0.004665166 -0.965713 0.01212145 -0.2592868
2.289935 -1.108389 0.5368853 -0.004553884 -0.9661155 0.008719251 -0.2579227
2.288837 -1.107195 0.536405 -0.004794628 -0.9665172 0.006285802 -0.25648
2.287755 -1.106062 0.5361068 -0.004715056 -0.9668799 0.003700525 -0.2551615
2.286692 -1.105046 0.536033 -0.004354716 -0.9671735 0.000862062 -0.2540783
2.28755 -1.104576 0.5348904 -0.00379914 -0.9674799 -0.001783147 -0.2529133
2.28655 -1.103653 0.5351128 -0.002905101 -0.9678185 -0.004588969 -0.2515907
2.286936 -1.10312 0.5351428 -0.002137095 -0.9681851 -0.006823698 -0.2501328
2.286203 -1.102499 0.5353119 -0.001228392 -0.9684743 -0.008305022 -0.2489724
2.285642 -1.102237 0.5352262 -0.0005969405 -0.9686761 -0.008457787 -0.2481828
2.286452 -1.1023 0.534704 -0.0001065731 -0.9688349 -0.007325732 -0.2475993
2.286499 -1.103239 0.533852 0.0001277924 -0.9689855 -0.004887313 -0.2470692
2.286872 -1.104938 0.532528 -7.879735E-05 -0.9692134 -0.001408205 -0.2462182
2.288206 -1.106554 0.5300307 -0.0007204712 -0.9695737 0.003270433 -0.2447765
2.289167 -1.109535 0.5280882 -0.001944393 -0.9699116 0.008457864 -0.2433025
2.290225 -1.112837 0.526055 -0.003524006 -0.9701451 0.01432815 -0.2420761
2.291208 -1.116212 0.5241708 -0.005161047 -0.9702071 0.02038215 -0.241363
2.292758 -1.118673 0.5217173 -0.006815642 -0.9700755 0.02527591 -0.2413882
2.293451 -1.121766 0.5205389 -0.0082967 -0.9698645 0.02959078 -0.2416993
2.294243 -1.12466 0.5195358 -0.009832949 -0.969647 0.03386021 -0.2419534
2.295366 -1.126872 0.5185242 -0.01162023 -0.969492 0.0379464 -0.2418894
2.296343 -1.129506 0.5176319 -0.01325366 -0.9693641 0.04209029 -0.2416321
2.297275 -1.132045 0.5169314 -0.01466423 -0.9692222 0.04531084 -0.2415372
2.298143 -1.133527 0.5156582 -0.01577288 -0.9690787 0.04873649 -0.2413765
2.298909 -1.135742 0.5146819 -0.01658789 -0.9688706 0.05219787 -0.2414331
2.299252 -1.137348 0.5137522 -0.0175314 -0.9685745 0.05535448 -0.2418512
2.299848 -1.139488 0.5127128 -0.01843864 -0.9682428 0.0587406 -0.242313
2.300469 -1.141634 0.5116851 -0.01954389 -0.967867 0.06206437 -0.2428986
2.301151 -1.143829 0.5106814 -0.02103084 -0.9674919 0.06538837 -0.2433958
2.301336 -1.145407 0.5097604 -0.02218762 -0.9671986 0.06856067 -0.243586
2.301953 -1.147433 0.5085895 -0.02332059 -0.9668372 0.07223175 -0.2438535
2.302453 -1.149367 0.5074379 -0.02412066 -0.9664807 0.07559977 -0.2441681
2.302508 -1.150778 0.5064415 -0.02455575 -0.9661731 0.07877385 -0.2443383
2.302858 -1.152591 0.5054036 -0.02520156 -0.9658011 0.08184963 -0.2447322
2.303128 -1.154356 0.5044293 -0.02577257 -0.9654689 0.08464101 -0.2450334
2.303284 -1.155915 0.5038128 -0.02646104 -0.9651608 0.08734592 -0.2452248
2.303558 -1.157773 0.5030971 -0.02742049 -0.964775 0.09001223 -0.2456731
2.30376 -1.159563 0.5024845 -0.02809477 -0.9644196 0.09232599 -0.2461329
2.304179 -1.160895 0.5019767 -0.02886075 -0.9640412 0.09478714 -0.2465909
2.304444 -1.162501 0.5014907 -0.02958483 -0.9637035 0.09703112 -0.2469524
2.304698 -1.164016 0.5009288 -0.03034852 -0.9633709 0.09971427 -0.2470885
2.304689 -1.165405 0.5009258 -0.03141296 -0.9630553 0.1022897 -0.2471328
2.30487 -1.166882 0.5005221 -0.03251597 -0.9627349 0.1046693 -0.2472419
2.305001 -1.168375 0.5001347 -0.03362722 -0.9623817 0.1071644 -0.2473998
2.30475 -1.169653 0.5005361 -0.03468365 -0.9620503 0.1091136 -0.2476906
2.304693 -1.171095 0.5002059 -0.03532529 -0.9617304 0.1112846 -0.247876
2.304663 -1.172621 0.4996536 -0.0358314 -0.9613686 0.1142349 -0.247865
2.304555 -1.174007 0.4994397 -0.03601322 -0.961019 0.1169901 -0.2479091
2.304352 -1.175539 0.4987301 -0.03589681 -0.9606062 0.120007 -0.2480836
2.304048 -1.177222 0.4980046 -0.03590617 -0.9601009 0.123101 -0.2485222
2.303777 -1.179474 0.4973484 -0.03621108 -0.959538 0.1265611 -0.2489132
2.303448 -1.181438 0.4963182 -0.0366166 -0.9590282 0.130074 -0.2490078
2.303217 -1.183567 0.4953437 -0.03743508 -0.9585762 0.1332712 -0.2489358
2.303241 -1.186198 0.4941133 -0.03843287 -0.9581465 0.1367355 -0.2485594
2.303181 -1.188474 0.492836 -0.03952972 -0.9577957 0.1401908 -0.2478132
2.303234 -1.1914 0.4915752 -0.04105333 -0.9574226 0.1435495 -0.2470836
2.303195 -1.193959 0.4902158 -0.04254726 -0.9569761 0.1472833 -0.2463621
2.303048 -1.196634 0.4888759 -0.04369361 -0.9564858 0.1511121 -0.2457457
2.302872 -1.1995 0.4875687 -0.04474229 -0.9559169 0.155125 -0.2452696
2.302928 -1.202818 0.4862808 -0.0457854 -0.955354 0.1593205 -0.2445801
2.302813 -1.206113 0.4849747 -0.04677425 -0.9546371 0.1639089 -0.2441598
2.302756 -1.20947 0.4836148 -0.04742888 -0.9539607 0.1684193 -0.2436073
2.303292 -1.21307 0.4823196 -0.04788724 -0.9533154 0.1732917 -0.2426242
2.30347 -1.21664 0.4807311 -0.04829353 -0.9526287 0.1786018 -0.241387
2.303972 -1.219811 0.4792899 -0.04887593 -0.9519571 0.1835805 -0.2401813
2.304188 -1.22335 0.477921 -0.04991198 -0.9511884 0.1883263 -0.2393378
2.304368 -1.226931 0.4767247 -0.05140701 -0.950407 0.1926424 -0.2386895
2.304704 -1.230447 0.4755788 -0.05318604 -0.9494872 0.1971417 -0.2382864
3.06968 -1.515773 -0.0003323741 -0.07784618 -0.9143093 0.1934202 -0.3472279
3.070386 -1.519041 -0.001175161 -0.07943941 -0.9133537 0.1973597 -0.3471649
3.07124 -1.522276 -0.002011959 -0.0808847 -0.9123149 0.201655 -0.3470943
3.07014 -1.525684 -0.006194379 -0.08216665 -0.9112033 0.2054438 -0.347491
3.070886 -1.528781 -0.006874982 -0.08325512 -0.9101884 0.2093019 -0.3475893
3.071808 -1.531812 -0.007563733 -0.08461064 -0.9091811 0.2134054 -0.3474031
3.072149 -1.535101 -0.008505438 -0.08611215 -0.9081617 0.2173969 -0.3472256
3.073116 -1.537702 -0.009023737 -0.08728959 -0.9071565 0.2210786 -0.3472348
3.074002 -1.540164 -0.009643853 -0.08810083 -0.9063286 0.2238319 -0.3474276
3.074971 -1.541876 -0.01004612 -0.08892807 -0.905563 0.2262093 -0.3476734
3.0759 -1.542817 -0.0102847 -0.08974753 -0.9050405 0.227504 -0.3479786
3.076666 -1.542659 -0.010286 -0.08996861 -0.9049588 0.2270572 -0.3484255
3.076755 -1.542185 -0.01016078 -0.08984102 -0.905331 0.2251403 -0.3487354
3.07719 -1.539935 -0.009915888 -0.08961279 -0.9059193 0.2221724 -0.3491695
3.077414 -1.53672 -0.009606197 -0.08884007 -0.9068088 0.2179312 -0.3497303
3.07702 -1.53379 -0.009076275 -0.08759541 -0.9078371 0.2126205 -0.3506444
3.076969 -1.529354 -0.008608997 -0.08616806 -0.9090238 0.2068834 -0.3513547
3.076888 -1.524541 -0.008194827 -0.08446751 -0.910318 0.2010797 -0.3517859
3.076232 -1.519621 -0.007454917 -0.08243732 -0.9117183 0.1947475 -0.3522035
3.075881 -1.514539 -0.006958395 -0.08006046 -0.9130652 0.1885248 -0.3526481
3.074987 -1.509774 -0.006362155 -0.07759281 -0.9142333 0.182527 -0.3533281
3.074415 -1.505028 -0.005858976 -0.07517386 -0.915273 0.1770097 -0.3539661
3.07374 -1.500521 -0.00550849 -0.07285706 -0.9161975 0.1720477 -0.3545048
3.072931 -1.496311 -0.005064398 -0.07052034 -0.9171672 0.1668966 -0.354932
3.071555 -1.492824 -0.004909188 -0.06847858 -0.9180341 0.1625712 -0.355098
3.07066 -1.489222 -0.004716776 -0.06669555 -0.9189563 0.1583027 -0.3549807
3.069598 -1.486352 -0.004120156 -0.06516442 -0.9198756 0.1539676 -0.3547908
3.068653 -1.483188 -0.003810123 -0.06354127 -0.9208273 0.1496326 -0.3544711
3.067806 -1.480171 -0.003517747 -0.06223986 -0.9215889 0.1459868 -0.3542428
3.066956 -1.477241 -0.003121328 -0.06101212 -0.922394 0.1420625 -0.3539563
3.06566 -1.474434 -0.002104413 -0.05942065 -0.9232846 0.1374276 -0.3537349
3.064519 -1.471357 -0.001248244 -0.05771005 -0.924134 0.1324882 -0.3536846
3.063467 -1.468305 -0.0003678091 -0.0562448 -0.9249068 0.1280356 -0.3535404
3.062538 -1.465418 0.0009392835 -0.05469371 -0.9256783 0.1231802 -0.3534898
3.061412 -1.462512 0.002142936 -0.05317626 -0.9264266 0.1178681 -0.3535719
3.060339 -1.459659 0.003222816 -0.05174354 -0.9270567 0.1132672 -0.353637
3.059666 -1.45694 0.004623733 -0.05023787 -0.9274705 0.1090787 -0.3540856
3.058517 -1.454112 0.00579733 -0.04848144 -0.9277639 0.1048755 -0.3548308
3.057521 -1.451343 0.006901741 -0.04639408 -0.9280722 0.1005098 -0.3555665
3.056321 -1.448615 0.00809798 -0.04451052 -0.9283043 0.09662166 -0.3562782
3.05507 -1.44596 0.009275746 -0.04234079 -0.9285901 0.0926516 -0.3568521
3.053707 -1.44343 0.01044858 -0.04009074 -0.9288238 0.0886573 -0.3575179
3.052671 -1.440971 0.01166896 -0.03804139 -0.9289026 0.08477282 -0.358478
3.051252 -1.438696 0.012829 -0.03598633 -0.9289318 0.08103368 -0.3594778
3.049557 -1.436691 0.0138681 -0.03426773 -0.9288893 0.07823122 -0.3603753
3.048308 -1.434737 0.01497082 -0.0323531 -0.9288568 0.07492067 -0.361338
3.047024 -1.432761 0.01601955 -0.03013617 -0.9289722 0.07134353 -0.3619567
3.04617 -1.430775 0.01669468 -0.02820081 -0.9289896 0.06847795 -0.3626206
3.044924 -1.428948 0.0175342 -0.02630013 -0.9289578 0.06591032 -0.3633201
3.043669 -1.427437 0.01824437 -0.02437419 -0.9290523 0.06345672 -0.3636496
3.044088 -1.426827 0.01879149 -0.02301672 -0.9291263 0.06169958 -0.3638514
3.04328 -1.42693 0.01905366 -0.02285886 -0.92888 0.06208378 -0.3644241
3.042804 -1.427675 0.01909199 -0.02325303 -0.9287407 0.06297549 -0.3646013
3.042725 -1.428872 0.01900494 -0.02398434 -0.9287583 0.06373194 -0.3643776
3.043845 -1.429986 0.0184775 -0.02461234 -0.928767 0.06430083 -0.3642136
3.044237 -1.431277 0.01775931 -0.02577513 -0.928589 0.06605507 -0.364273
3.045534 -1.432324 0.0163577 -0.02720082 -0.9283301 0.06828982 -0.3644173
3.045737 -1.433189 0.01540718 -0.02828974 -0.9280708 0.06978103 -0.364712
3.045575 -1.433877 0.01465021 -0.02899233 -0.9276497 0.07037771 -0.3656125
3.045107 -1.434446 0.0141078 -0.02922875 -0.9271534 0.07006527 -0.3669102
3.045463 -1.434859 0.01306267 -0.02958608 -0.9267565 0.07039654 -0.3678198
3.045389 -1.435378 0.01254256 -0.02978436 -0.9264187 0.07069899 -0.368596
3.045593 -1.435913 0.01197257 -0.03011552 -0.926085 0.07136031 -0.3692796
3.046787 -1.436445 0.01086791 -0.03090131 -0.9255946 0.07252081 -0.3702168
3.047662 -1.437183 0.01054799 -0.03177154 -0.9250773 0.07318144 -0.3713045
3.049584 -1.437705 0.009989586 -0.03290135 -0.9246697 0.07390182 -0.372078
3.051534 -1.438524 0.010121 -0.03393418 -0.924444 0.07398913 -0.3725285
3.054147 -1.43933 0.01051112 -0.03463772 -0.9245242 0.07339942 -0.3723811
3.057833 -1.439894 0.01100931 -0.03547761 -0.9247431 0.07360535 -0.3717175
3.061729 -1.440595 0.01151199 -0.03596568 -0.9250634 0.07324121 -0.3709447
3.066239 -1.44116 0.01204601 -0.03586629 -0.9256394 0.07240276 -0.3696797
3.071557 -1.441511 0.01239701 -0.03527445 -0.9262303 0.07259361 -0.3682163
3.077713 -1.441684 0.01275282 -0.03382621 -0.9270082 0.07287499 -0.3663343
3.084227 -1.441772 0.01334852 -0.03145546 -0.9283123 0.07179695 -0.3634449
3.091451 -1.441922 0.0141119 -0.02891291 -0.9300091 0.07019735 -0.3596103
3.099874 -1.442228 0.01472609 -0.02679527 -0.931928 0.06960908 -0.3548899
3.108496 -1.442501 0.01541247 -0.02530057 -0.9340305 0.0696433 -0.3494234
3.117297 -1.442885 0.01635022 -0.0241521 -0.9362807 0.06876106 -0.3436088
3.126757 -1.443713 0.01734032 -0.02363697 -0.9386125 0.0685054 -0.3372757
3.136266 -1.444541 0.01819485 -0.02357626 -0.940855 0.06930798 -0.3308058
3.145562 -1.445543 0.0198158 -0.02262089 -0.9430686 0.06921671 -0.324529
3.154926 -1.446275 0.02084358 -0.02136561 -0.9450613 0.06982935 -0.3186322
3.164294 -1.446819 0.02185837 -0.0200758 -0.9465698 0.07201733 -0.3137135
3.173322 -1.447148 0.02328216 -0.01882094 -0.9477895 0.07374616 -0.3096811
3.182124 -1.447424 0.02532168 -0.01790136 -0.9489017 0.07389631 -0.3062755
3.190561 -1.447524 0.02786394 -0.01720527 -0.9498769 0.07375408 -0.3033122
3.19897 -1.447655 0.0307422 -0.01662719 -0.9508977 0.07308201 -0.3002934
3.207275 -1.447969 0.03364769 -0.01642785 -0.9518922 0.07398749 -0.2969128
3.216233 -1.448261 0.03605473 -0.01651836 -0.9526929 0.07687771 -0.2935869
3.225236 -1.448591 0.03865191 -0.01643846 -0.953374 0.07992005 -0.2905524
3.234002 -1.448781 0.04149567 -0.01647165 -0.9538083 0.08303142 -0.2882433
3.242821 -1.449117 0.04443002 -0.01702768 -0.9540163 0.08631628 -0.2865529
3.251329 -1.449448 0.04712819 -0.01865345 -0.95389 0.09055678 -0.2855615
3.259184 -1.449123 0.05033357 -0.01962147 -0.9536564 0.09220143 -0.2857507
3.266096 -1.448905 0.05393431 -0.01891524 -0.9537219 0.08942506 -0.2864608
3.272659 -1.448429 0.05661121 -0.018419 -0.9534439 0.08936591 -0.2874357
3.279279 -1.44811 0.05803075 -0.01861525 -0.9528473 0.09172256 -0.2886563
3.285195 -1.447956 0.05931756 -0.01927099 -0.9522278 0.0917211 -0.2906513
3.290587 -1.448088 0.06058089 -0.0212495 -0.9514295 0.09067344 -0.2934428
3.294635 -1.448279 0.06187128 -0.024117 -0.9504727 0.08975359 -0.296588
3.299254 -1.448381 0.06321051 -0.02686838 -0.9493061 0.08847643 -0.3004462
3.303239 -1.448231 0.06489047 -0.02825937 -0.9480217 0.08613948 -0.3050184
3.30561 -1.44792 0.06684069 -0.02862185 -0.9466259 0.08344385 -0.3100278
3.309165 -1.44763 0.06890738 -0.02796543 -0.9451954 0.08066639 -0.3151452
3.311534 -1.447779 0.07074934 -0.02740902 -0.9435214 0.07952714 -0.3204552
3.316181 -1.44789 0.07189006 -0.02762541 -0.9419972 0.07988822 -0.3248014
3.321757 -1.448295 0.07215361 -0.02874685 -0.9409127 0.08205827 -0.3272972
3.328296 -1.44901 0.07160832 -0.03123814 -0.9403289 0.08621062 -0.3276789
3.334563 -1.449536 0.0706367 -0.03310904 -0.9403378 0.08844794 -0.3268723
3.341295 -1.45012 0.07037958 -0.03391752 -0.940772 0.08818026 -0.32561
3.348326 -1.450617 0.07015158 -0.03387073 -0.9415763 0.08676997 -0.3236633
3.355491 -1.450835 0.06938472 -0.03351229 -0.9425634 0.08565608 -0.321114
3.363879 -1.451202 0.06835954 -0.03352461 -0.9435444 0.08618255 -0.3180763
3.37297 -1.451466 0.067307 -0.03308267 -0.9446455 0.08637654 -0.3147848
3.382139 -1.451445 0.06611674 -0.03221807 -0.9461611 0.08549636 -0.3105344
3.391649 -1.451167 0.06465033 -0.03115368 -0.9478379 0.08522879 -0.3055629
3.401947 -1.450781 0.06310552 -0.02949733 -0.9494154 0.08472281 -0.3009357
3.41141 -1.449895 0.06161361 -0.02760643 -0.9509571 0.08363988 -0.2965179
3.420724 -1.448863 0.06008985 -0.02591929 -0.9525059 0.08246278 -0.2919942
3.430036 -1.447778 0.05833891 -0.02456165 -0.953981 0.08227731 -0.2873109
3.440381 -1.446957 0.05655786 -0.02360267 -0.9553524 0.08193422 -0.2828986
3.448979 -1.446055 0.05520114 -0.02272347 -0.9566844 0.08070163 -0.2787937
3.457283 -1.445284 0.0538253 -0.02219984 -0.957971 0.07994808 -0.2746035
3.466427 -1.444685 0.05122358 -0.02186173 -0.958845 0.08038604 -0.271434
3.474168 -1.44395 0.05010067 -0.02101898 -0.9595719 0.08077389 -0.2688041
3.482287 -1.443264 0.04905314 -0.01966709 -0.9602131 0.08031692 -0.2667457
3.489664 -1.442444 0.04862052 -0.01758939 -0.9606525 0.07941514 -0.2655759
3.496843 -1.441564 0.04829119 -0.01535148 -0.9610336 0.07865964 -0.2645588
3.504067 -1.440717 0.04788176 -0.0137015 -0.96123 0.07967213 -0.2636316
3.512502 -1.440272 0.04689962 -0.01204044 -0.9614268 0.08037827 -0.2627793
3.519293 -1.439649 0.0472393 -0.01070035 -0.9616691 0.07968174 -0.2621619
3.526696 -1.439446 0.04747326 -0.009743334 -0.9618663 0.07893889 -0.2617
3.533354 -1.439295 0.04813536 -0.00923428 -0.9620728 0.07836877 -0.2611302
3.539995 -1.439404 0.04860159 -0.00963226 -0.9622011 0.07880592 -0.2605106
3.546605 -1.439817 0.04941567 -0.01033786 -0.9625285 0.07847925 -0.2593707
3.55302 -1.440385 0.04973941 -0.01141 -0.9631305 0.07762055 -0.2573413
3.559542 -1.441067 0.04939704 -0.01305252 -0.9636626 0.07948128 -0.2546898
3.566044 -1.441652 0.04933783 -0.01393223 -0.9642535 0.08050612 -0.252071
3.571617 -1.442282 0.04937695 -0.01369131 -0.9649162 0.08014086 -0.2496534
3.576786 -1.442834 0.04930234 -0.01278204 -0.9654547 0.08081052 -0.2473936
3.581517 -1.443276 0.04939996 -0.01120383 -0.965943 0.08091011 -0.245524
3.586472 -1.443605 0.049892 -0.009251566 -0.9665379 0.08031486 -0.2434511
3.590717 -1.443994 0.04997183 -0.007612408 -0.9672539 0.08042339 -0.2406119
3.594872 -1.444388 0.04994469 -0.005972863 -0.9680229 0.08052818 -0.2375105
3.599245 -1.444704 0.0499157 -0.004660518 -0.9684872 0.08146577 -0.2353172
3.602943 -1.445144 0.04979587 -0.004045487 -0.9687307 0.08287109 -0.2338306
3.607025 -1.445562 0.04990283 -0.003650159 -0.9690872 0.08353379 -0.2321182
3.610456 -1.446099 0.04998117 -0.003971577 -0.9694607 0.08400937 -0.2303751
3.613863 -1.446675 0.05022454 -0.004685224 -0.9700254 0.08376194 -0.2280629
3.618047 -1.447335 0.05101078 -0.005335361 -0.9708661 0.08233907 -0.2249684
3.62116 -1.447865 0.05189316 -0.005598456 -0.9717676 0.07997294 -0.2219024
3.624124 -1.448192 0.05300698 -0.005019665 -0.9727133 0.07713982 -0.2187536
3.626876 -1.448462 0.0540983 -0.004503131 -0.9735418 0.07461073 -0.2159384
3.630589 -1.448718 0.05503529 -0.004323245 -0.9741274 0.07356068 -0.213649
3.633496 -1.448859 0.05583151 -0.003947974 -0.9744908 0.07313323 -0.2121406
3.636471 -1.449059 0.05646657 -0.00429687 -0.9745176 0.07410856 -0.2116718
3.640137 -1.449181 0.05740065 -0.004722983 -0.9743133 0.07576922 -0.2120148
3.643263 -1.44941 0.05826682 -0.00500232 -0.9741021 0.07685529 -0.212587
3.646556 -1.449772 0.05922958 -0.005459548 -0.973952 0.07758018 -0.2130001
3.649922 -1.450151 0.06038112 -0.005657793 -0.9739174 0.07759681 -0.2131469
3.653376 -1.450672 0.06149838 -0.006235719 -0.9739401 0.0775132 -0.2130575
3.657384 -1.451219 0.06237028 -0.006904245 -0.9739887 0.07812341 -0.2125916
3.661038 -1.451833 0.06310971 -0.007576914 -0.9741142 0.07876943 -0.2117536
3.664531 -1.452481 0.06362484 -0.00847885 -0.9742444 0.07989649 -0.2106955
3.668029 -1.453052 0.06411194 -0.008842051 -0.9743727 0.08071785 -0.2097716
3.670664 -1.453735 0.06481414 -0.009076745 -0.9744276 0.08078855 -0.2094796
3.672918 -1.45439 0.06540748 -0.009144248 -0.9744052 0.08114536 -0.2094428
3.675151 -1.454796 0.06581407 -0.009125205 -0.9743518 0.08187401 -0.2094086
3.676689 -1.455463 0.06610045 -0.009310337 -0.9742387 0.08212791 -0.2098269
3.678028 -1.455994 0.06605611 -0.009184481 -0.9741963 0.08257355 -0.2098547
3.679586 -1.456415 0.06565882 -0.009423703 -0.9742404 0.08325088 -0.2093706
3.680768 -1.456935 0.06515245 -0.01007176 -0.9742965 0.08411896 -0.208732
3.681599 -1.457325 0.06469911 -0.0103055 -0.9742967 0.08448898 -0.2085698
3.682475 -1.457569 0.0642858 -0.01032698 -0.9741204 0.08413366 -0.2095336
3.682248 -1.457656 0.06420689 -0.01030052 -0.9737647 0.08358376 -0.2113999
3.681437 -1.457555 0.06419269 -0.01031485 -0.9732974 0.08265379 -0.2139021
3.680843 -1.457392 0.06373732 -0.01055864 -0.9727076 0.08214831 -0.2167493
3.679135 -1.456969 0.06335184 -0.01070875 -0.9721683 0.08153026 -0.2193788
3.676712 -1.456528 0.06287163 -0.01077199 -0.9717582 0.08009842 -0.2217075
3.673679 -1.456063 0.06206665 -0.01040152 -0.9714479 0.07879854 -0.2235435
3.670382 -1.455657 0.06081954 -0.009990158 -0.9712219 0.07843979 -0.2246673
3.666302 -1.455457 0.05903226 -0.009695055 -0.9710107 0.07854672 -0.2255544
3.661537 -1.455302 0.0569251 -0.009439797 -0.9708175 0.07873414 -0.2263298
3.656552 -1.455169 0.05431628 -0.009580732 -0.9706758 0.07941468 -0.2266938
3.650785 -1.45488 0.05169399 -0.009557367 -0.9705256 0.07985558 -0.2271824
3.644248 -1.454269 0.04904956 -0.009259671 -0.9703592 0.07978114 -0.2279302
3.637287 -1.453648 0.04613321 -0.009227634 -0.9701105 0.07970325 -0.2290152
3.629004 -1.452626 0.04329577 -0.009197205 -0.9697455 0.07861343 -0.2309306
3.620297 -1.451602 0.04036079 -0.008871318 -0.9691544 0.07814487 -0.2335693
3.610371 -1.450499 0.03701154 -0.008708299 -0.9683964 0.07788692 -0.2367834
3.599637 -1.449463 0.03364762 -0.008048535 -0.9675964 0.0764655 -0.2405112
3.588474 -1.448691 0.0296763 -0.007586599 -0.9666936 0.07661002 -0.2440835
3.5777 -1.448396 0.02516232 -0.007575483 -0.965586 0.07890658 -0.2477096
3.565886 -1.448224 0.02018372 -0.006966472 -0.9644421 0.08138008 -0.2513568
3.553899 -1.448437 0.01528658 -0.006239415 -0.9634873 0.08282892 -0.2545443
3.541416 -1.448808 0.01007415 -0.005166293 -0.9627601 0.08317304 -0.2571937
3.528678 -1.449173 0.004790157 -0.003574819 -0.962319 0.08210979 -0.2592055
3.515939 -1.449692 -0.0009082593 -0.002799124 -0.9620869 0.08154552 -0.2602527
3.503484 -1.450077 -0.006651118 -0.002662182 -0.961799 0.08172418 -0.2612599
3.49046 -1.450358 -0.01250187 -0.002791226 -0.9615634 0.08133429 -0.2622457
3.477704 -1.450563 -0.01862042 -0.003360719 -0.9614317 0.08072428 -0.2629095
3.464535 -1.450568 -0.02475667 -0.004062444 -0.9611845 0.08096351 -0.2637286
3.451275 -1.450467 -0.03084455 -0.004740179 -0.9608855 0.08144625 -0.2646567
3.437928 -1.450287 -0.03674292 -0.005346656 -0.9606119 0.08153142 -0.2656101
3.425024 -1.449967 -0.04259691 -0.005743027 -0.9603149 0.08145944 -0.266696
3.411451 -1.449501 -0.04749011 -0.005519212 -0.9599205 0.0798203 -0.2686093
3.397912 -1.448888 -0.05169712 -0.005033523 -0.9596933 0.07685804 -0.2702895
3.385271 -1.448216 -0.05569074 -0.005274653 -0.9594883 0.07506395 -0.2715138
3.372859 -1.447832 -0.0595743 -0.006616564 -0.9589579 0.07537054 -0.2732681
3.360953 -1.447572 -0.06313126 -0.008482458 -0.958191 0.07662869 -0.2755471
3.3501 -1.44776 -0.06607169 -0.01040051 -0.9572207 0.07715318 -0.2786893
3.339188 -1.447615 -0.06841373 -0.01253346 -0.9560337 0.07827682 -0.2823389
3.329265 -1.44728 -0.07078768 -0.01463953 -0.9544427 0.08070568 -0.2868997
3.319599 -1.446778 -0.07233746 -0.0158912 -0.9525474 0.08336204 -0.2923213
3.31059 -1.446106 -0.07324164 -0.01589957 -0.9506602 0.08466655 -0.2980336
3.302207 -1.445285 -0.07342649 -0.01543391 -0.9488466 0.08474553 -0.3037598
3.294952 -1.444441 -0.07425843 -0.01530358 -0.9472153 0.0855015 -0.3086075
3.288676 -1.44361 -0.07554548 -0.01526705 -0.9457906 0.08710757 -0.312505
3.28292 -1.442699 -0.07712766 -0.01438093 -0.9447446 0.08765937 -0.315542
3.277295 -1.441454 -0.07820623 -0.0123401 -0.9441761 0.0866892 -0.3175912
3.272758 -1.440583 -0.08080103 -0.01001459 -0.9438932 0.0866111 -0.318534
3.270115 -1.439896 -0.08382822 -0.007440627 -0.9436882 0.08709806 -0.3190787
3.266762 -1.439183 -0.0872573 -0.004519999 -0.943734 0.08630683 -0.319213
3.264152 -1.438863 -0.0912508 -0.003180564 -0.9439786 0.08612945 -0.318553
3.263731 -1.43933 -0.09579209 -0.003536791 -0.944425 0.08574596 -0.3173273
3.261868 -1.439843 -0.1000998 -0.00425455 -0.9448748 0.08408239 -0.3164233
3.260331 -1.440705 -0.1046267 -0.00607574 -0.9449723 0.08304557 -0.3163762
3.25915 -1.44165 -0.1093819 -0.008619369 -0.9450223 0.08336682 -0.316083
3.260296 -1.442921 -0.1144164 -0.01048994 -0.9450555 0.08247887 -0.3161601
3.259024 -1.443569 -0.1183102 -0.01081911 -0.9451092 0.0788497 -0.3169138
3.259585 -1.444385 -0.1230695 -0.01161948 -0.9453769 0.07638912 -0.3166895
3.259293 -1.44501 -0.1281964 -0.01368517 -0.9455971 0.07783683 -0.3155954
3.258756 -1.445538 -0.1334351 -0.01532814 -0.9456679 0.07909203 -0.3149949
3.258816 -1.446166 -0.139275 -0.01599086 -0.9457465 0.07841711 -0.3148948
3.257692 -1.446691 -0.1449832 -0.01682469 -0.9454457 0.07941662 -0.3155035
3.256036 -1.447047 -0.1507716 -0.01691035 -0.9445426 0.08039715 -0.317946
3.2532 -1.447219 -0.1562563 -0.01637286 -0.9434044 0.08024206 -0.321374
3.250616 -1.447569 -0.1623427 -0.01655823 -0.9420296 0.08087405 -0.3252161
3.247492 -1.447839 -0.1685438 -0.01669663 -0.9403237 0.0809591 -0.3300882
3.243799 -1.448075 -0.174917 -0.01674932 -0.9385774 0.08011407 -0.3352219
3.239591 -1.448161 -0.1812629 -0.01761022 -0.9368083 0.0805836 -0.3399799
3.235658 -1.448456 -0.1884017 -0.0186927 -0.9347117 0.08166248 -0.3453923
3.230308 -1.448777 -0.1945166 -0.01893127 -0.9324919 0.08057972 -0.3515784
3.224818 -1.449069 -0.2012075 -0.0185034 -0.9303119 0.07783367 -0.3579376
3.219102 -1.449476 -0.2083256 -0.0180102 -0.9280169 0.07549853 -0.3643627
3.212752 -1.450047 -0.2155355 -0.01845905 -0.9254289 0.07534505 -0.3708958
3.206914 -1.450753 -0.2242969 -0.01992822 -0.922868 0.07609297 -0.3769979
3.200873 -1.451519 -0.2339283 -0.02243081 -0.9207404 0.07667566 -0.3819096
3.194973 -1.452216 -0.2439209 -0.02568969 -0.9187844 0.07771572 -0.3861806
3.188078 -1.452439 -0.2541617 -0.02758968 -0.9170192 0.07684783 -0.390396
3.180441 -1.452195 -0.2640938 -0.02777109 -0.9154203 0.07386054 -0.3946886
3.173245 -1.451516 -0.2740243 -0.02794832 -0.9140537 0.07250514 -0.3980801
3.165899 -1.450696 -0.284593 -0.02817753 -0.9126487 0.07281226 -0.4012192
3.158231 -1.449661 -0.294891 -0.02755114 -0.9112463 0.07181659 -0.4046153
3.150918 -1.448444 -0.3053288 -0.02718869 -0.9101607 0.07138365 -0.4071518
3.143974 -1.447261 -0.3159282 -0.02717123 -0.90937 0.0723627 -0.4087439
3.137283 -1.446008 -0.3263635 -0.02678085 -0.9087568 0.07295801 -0.4100257
3.131287 -1.445181 -0.3368195 -0.02668101 -0.9083899 0.07354452 -0.4107398
3.12514 -1.444116 -0.3468296 -0.02662635 -0.9083296 0.07360362 -0.4108661
3.119075 -1.443133 -0.3564031 -0.02671656 -0.9079835 0.07374995 -0.4115982
3.113465 -1.442756 -0.3657252 -0.02663613 -0.907792 0.07308231 -0.4121448
3.107442 -1.442076 -0.3744133 -0.02646131 -0.9078024 0.07182731 -0.4123536
3.101425 -1.44158 -0.3826796 -0.02602947 -0.9075691 0.07026593 -0.4131629
3.095711 -1.441749 -0.3904964 -0.02560085 -0.9071126 0.06877819 -0.4144405
3.090058 -1.441648 -0.3980769 -0.02512795 -0.9066117 0.06687175 -0.4158751
3.084682 -1.441746 -0.4053861 -0.02478817 -0.9058539 0.06490051 -0.4178542
3.079778 -1.442016 -0.4125304 -0.02524477 -0.9048731 0.06372987 -0.4201261
3.075244 -1.44263 -0.4194389 -0.0259704 -0.9040804 0.06283897 -0.4219189
3.071416 -1.44298 -0.4263988 -0.02711019 -0.9032663 0.06342583 -0.4235
3.068167 -1.443403 -0.4331813 -0.02879235 -0.9024776 0.06474022 -0.4248694
3.06535 -1.443895 -0.4399343 -0.0303298 -0.9015656 0.06607185 -0.4264904
3.062372 -1.444055 -0.4457712 -0.03108484 -0.9005491 0.0667427 -0.4284748
3.059667 -1.443915 -0.4514439 -0.0311642 -0.899179 0.06710381 -0.4312807
3.056541 -1.443987 -0.4563013 -0.03052688 -0.8974432 0.06691284 -0.4349556
3.053588 -1.444211 -0.4607865 -0.02990413 -0.8955253 0.06682386 -0.4389472
3.050925 -1.444612 -0.4653096 -0.0297699 -0.8935492 0.06778242 -0.4428196
3.048455 -1.444954 -0.4701243 -0.03050185 -0.8915893 0.07005208 -0.4463528
3.046842 -1.445828 -0.4748747 -0.03222591 -0.8898689 0.07343764 -0.4491124
3.045495 -1.44659 -0.4802159 -0.03437227 -0.8885511 0.07662984 -0.4510247
3.043799 -1.447667 -0.4845834 -0.03661988 -0.8872867 0.07896242 -0.4529307
3.041688 -1.44865 -0.4885554 -0.03831876 -0.885929 0.08047511 -0.4551761
3.038771 -1.448895 -0.4926225 -0.03902606 -0.8843729 0.08073232 -0.4580872
3.035655 -1.449356 -0.4959553 -0.03830037 -0.8828199 0.07942317 -0.4613612
3.032276 -1.449563 -0.4990553 -0.03666118 -0.8811305 0.07763121 -0.4650146
3.028854 -1.449441 -0.5021222 -0.03448481 -0.8792922 0.07589909 -0.46893
3.025388 -1.449212 -0.5049771 -0.03164983 -0.8774311 0.07387505 -0.4729223
3.022323 -1.448997 -0.5079559 -0.02966389 -0.875623 0.0729479 -0.4765322
3.019972 -1.449025 -0.511053 -0.02930463 -0.8743464 0.07296839 -0.4788896
3.018245 -1.449252 -0.5145295 -0.03000534 -0.8738958 0.07331086 -0.4796158
3.017263 -1.449662 -0.5179759 -0.03147141 -0.8739658 0.07439894 -0.4792267
3.016585 -1.450164 -0.5212031 -0.03368193 -0.8740253 0.07585713 -0.478739
3.015883 -1.450564 -0.5244508 -0.0344849 -0.8739799 0.07607955 -0.4787295
3.014252 -1.450541 -0.5273153 -0.0335627 -0.8737062 0.07418355 -0.4795914
3.012272 -1.450265 -0.5299501 -0.03171036 -0.8731253 0.07116099 -0.4812304
3.011024 -1.44999 -0.5328081 -0.0302226 -0.8724798 0.06934713 -0.4827595
3.009272 -1.449651 -0.5359499 -0.02930772 -0.8720572 0.06838875 -0.4837151
3.007374 -1.449347 -0.5393097 -0.02822203 -0.8720603 0.06688053 -0.4839849
3.006516 -1.449275 -0.5426231 -0.02785719 -0.8723255 0.06624579 -0.4836153
3.004991 -1.44923 -0.5459343 -0.02750084 -0.8731583 0.06577767 -0.4821946
3.00353 -1.449394 -0.5491611 -0.02750117 -0.8742605 0.06535556 -0.4802509
3.002219 -1.449925 -0.5517529 -0.02760574 -0.8754247 0.06460281 -0.4782217
3.00074 -1.450346 -0.5545083 -0.02713543 -0.8766936 0.06346262 -0.476072
2.999441 -1.450776 -0.5572295 -0.02674237 -0.8778124 0.06287118 -0.4741071
2.998648 -1.451377 -0.5595618 -0.0267908 -0.8786668 0.06267343 -0.4725453
2.997189 -1.451629 -0.56204 -0.02598706 -0.8792148 0.06148467 -0.4717263
2.995509 -1.451894 -0.5638566 -0.02455947 -0.8795307 0.05934142 -0.4714884
2.994446 -1.451916 -0.565975 -0.02391178 -0.879806 0.05797524 -0.4711778
2.993723 -1.451954 -0.5680145 -0.02374244 -0.8799834 0.05736451 -0.4709297
2.993313 -1.451908 -0.5699412 -0.0243156 -0.8799813 0.05768086 -0.4708657
2.993082 -1.452055 -0.5718341 -0.02501366 -0.8798608 0.05841577 -0.4709639
2.992724 -1.452278 -0.5735087 -0.0253675 -0.8798506 0.05808205 -0.4710053
2.992348 -1.452561 -0.5751552 -0.02561677 -0.8798446 0.05796348 -0.4710175
2.992136 -1.452887 -0.576918 -0.02611232 -0.8796214 0.0580709 -0.4713939
2.991569 -1.453219 -0.5780627 -0.02659393 -0.8791222 0.05759147 -0.472356
2.990866 -1.453507 -0.5791669 -0.02611789 -0.8785719 0.05626168 -0.4735652
2.990227 -1.453686 -0.5794817 -0.02599299 -0.8778555 0.05488697 -0.4750594
2.989862 -1.45374 -0.579746 -0.02612844 -0.8773355 0.05415832 -0.4760951
2.990051 -1.453836 -0.5805539 -0.02629409 -0.876981 0.05385889 -0.4767728
2.990264 -1.453825 -0.5806772 -0.02701798 -0.8765857 0.05457165 -0.4773777
2.990424 -1.453759 -0.5809193 -0.02770171 -0.8761856 0.05537394 -0.4779803
2.99062 -1.453884 -0.5813965 -0.02817559 -0.8759716 0.05508374 -0.4783782
2.990651 -1.454111 -0.5814269 -0.02905131 -0.8759114 0.05511268 -0.4784328
2.990623 -1.45437 -0.5814981 -0.02986223 -0.8758057 0.05543488 -0.4785391
2.990532 -1.454781 -0.5817935 -0.03043095 -0.8757757 0.05561489 -0.4785373
2.990805 -1.455254 -0.5817264 -0.03133509 -0.8758633 0.05641538 -0.4782248
2.991236 -1.455743 -0.5817543 -0.03223989 -0.8759192 0.05748472 -0.4779348
2.991617 -1.456291 -0.5823051 -0.0331173 -0.8758783 0.05867998 -0.4778047
2.992188 -1.456782 -0.5824285 -0.03414595 -0.8759104 0.05996657 -0.4775134
2.992707 -1.457158 -0.5824042 -0.03486362 -0.8758711 0.06085179 -0.4774217
2.993182 -1.457546 -0.5826033 -0.03572476 -0.8759997 0.06159135 -0.477027
2.993572 -1.457896 -0.5823619 -0.03682372 -0.8762152 0.06221987 -0.4764657
2.993722 -1.458162 -0.581817 -0.03724239 -0.8765032 0.06179306 -0.4759589
2.99358 -1.458405 -0.5814708 -0.03744823 -0.8768107 0.06145111 -0.4754201
2.993447 -1.458403 -0.5810562 -0.03723094 -0.8769767 0.06089886 -0.4752021
2.993454 -1.458218 -0.5807482 -0.03677568 -0.8771092 0.06032546 -0.4750662
2.993262 -1.457958 -0.5807123 -0.0361566 -0.8772843 0.06023397 -0.4748019
2.993674 -1.457327 -0.5805444 -0.03499437 -0.8778864 0.05964259 -0.47385
2.994519 -1.456552 -0.5802704 -0.03354704 -0.8789997 0.05898973 -0.4719686
2.995062 -1.455861 -0.5797001 -0.0320273 -0.8803217 0.05889465 -0.4696161
2.996859 -1.455024 -0.5792001 -0.03059602 -0.8820312 0.05895581 -0.466486
2.999136 -1.454065 -0.5785415 -0.02897075 -0.8839472 0.05940944 -0.4628916
3.00195 -1.453106 -0.5775597 -0.02682099 -0.8856708 0.06040001 -0.4595864
3.005142 -1.451907 -0.575985 -0.02546909 -0.8869354 0.06230021 -0.4569635
3.008315 -1.450782 -0.5738324 -0.02449718 -0.8878853 0.06339999 -0.4550166
3.011887 -1.449815 -0.5708619 -0.02329707 -0.8889003 0.0626464 -0.4531985
3.015233 -1.448757 -0.5669318 -0.02242717 -0.8893645 0.06134221 -0.4525096
3.018829 -1.447522 -0.5625334 -0.02148512 -0.8895626 0.06005178 -0.4523391
3.023159 -1.446179 -0.5579557 -0.02046871 -0.8897561 0.0596162 -0.4520632
3.02776 -1.444807 -0.552752 -0.01939109 -0.8899871 0.05933964 -0.4516923
3.032914 -1.443525 -0.5472728 -0.01875621 -0.8904329 0.05968361 -0.4507942
3.038645 -1.442437 -0.5414252 -0.01881594 -0.8911024 0.06031731 -0.4493821
3.044527 -1.441383 -0.5354117 -0.01942572 -0.892 0.06081159 -0.4475049
3.051081 -1.440737 -0.5284398 -0.02070743 -0.8929749 0.06088312 -0.4454889
3.05768 -1.440257 -0.5213096 -0.02230454 -0.8939984 0.0605937 -0.4433935
3.064932 -1.439977 -0.5134479 -0.02408701 -0.8951687 0.06069924 -0.4409176
3.072627 -1.439825 -0.5052087 -0.02593726 -0.8964692 0.0610163 -0.438118
3.080636 -1.439819 -0.4964629 -0.02800388 -0.8976825 0.06122879 -0.4354686
3.088311 -1.44006 -0.4877378 -0.03045524 -0.8988668 0.06107116 -0.4328756
3.096712 -1.440539 -0.4780874 -0.03383237 -0.8999968 0.06116841 -0.4302553
3.105157 -1.441105 -0.4680233 -0.03730924 -0.9010378 0.06149141 -0.4277357
3.113281 -1.441601 -0.4579279 -0.04026559 -0.9022522 0.06154212 -0.4248909
3.121622 -1.442074 -0.4468232 -0.0419195 -0.9036413 0.06051871 -0.4219153
3.129231 -1.442389 -0.4357393 -0.04255003 -0.9050144 0.05939601 -0.4190592
3.137916 -1.442582 -0.4242111 -0.04300318 -0.9064542 0.05959941 -0.4158598
3.146681 -1.44255 -0.4124744 -0.04266644 -0.907845 0.05982555 -0.4128171
3.155022 -1.442189 -0.4008261 -0.04172523 -0.9090976 0.05941681 -0.4102077
3.163796 -1.44191 -0.388142 -0.04047364 -0.910435 0.05821711 -0.4075302
3.172518 -1.441611 -0.3749516 -0.03917128 -0.9117124 0.05623287 -0.4050727
3.18137 -1.441317 -0.3621301 -0.03794787 -0.912927 0.05478048 -0.4026455
3.190455 -1.441021 -0.3485756 -0.03703893 -0.9140561 0.05396761 -0.4002712
3.199427 -1.440662 -0.334767 -0.03603268 -0.9150438 0.05287291 -0.3982475
3.208208 -1.440145 -0.321392 -0.0350445 -0.9161311 0.05249967 -0.3958781
3.216841 -1.439519 -0.3077666 -0.03383053 -0.9173107 0.05225826 -0.3932756
3.225263 -1.438628 -0.2944989 -0.03239274 -0.9182351 0.05405288 -0.3909902
3.232981 -1.437625 -0.2822534 -0.03027499 -0.9192716 0.0566384 -0.3883493
3.240328 -1.436424 -0.2694285 -0.02744982 -0.9204517 0.05810935 -0.3855367
3.247088 -1.435248 -0.256864 -0.02446118 -0.921559 0.05933691 -0.3828968
3.253229 -1.434458 -0.245472 -0.02196956 -0.9230342 0.06039934 -0.3793114
3.259096 -1.433715 -0.2339892 -0.02015791 -0.9249264 0.06138339 -0.3746158
3.2643 -1.433188 -0.2229824 -0.0184626 -0.9269241 0.06194616 -0.3696398
3.268748 -1.43314 -0.2130853 -0.01672876 -0.9290799 0.06197971 -0.3642652
3.272266 -1.432957 -0.2030836 -0.01491571 -0.9307764 0.06210879 -0.3599658
3.274673 -1.432936 -0.1933743 -0.01283869 -0.9317931 0.06227977 -0.3573766
3.276834 -1.433262 -0.1844514 -0.01085156 -0.9328387 0.06164791 -0.3548152
3.277961 -1.433449 -0.1754189 -0.008737803 -0.9337967 0.06035934 -0.3525681
3.278608 -1.433761 -0.1667109 -0.006771148 -0.934532 0.05935133 -0.3508297
3.279811 -1.434528 -0.1589077 -0.005570292 -0.9354567 0.05833732 -0.3485491
3.280132 -1.435146 -0.1510316 -0.004879594 -0.9364066 0.05663324 -0.3462827
3.280507 -1.436011 -0.1437169 -0.005426497 -0.9372078 0.05597126 -0.3442083
3.281064 -1.437111 -0.1370945 -0.007244767 -0.9380383 0.05639545 -0.3418352
3.281768 -1.438525 -0.1313515 -0.009561122 -0.9384633 0.05698686 -0.340511
3.28178 -1.43996 -0.125303 -0.01260731 -0.9384955 0.05855419 -0.3400569
3.281337 -1.441481 -0.1191749 -0.01556161 -0.9384031 0.05902012 -0.3401088
3.280425 -1.442947 -0.1130164 -0.01797825 -0.9379909 0.0581058 -0.3412823
3.279152 -1.444738 -0.1067045 -0.02018431 -0.9374868 0.05754401 -0.3426366
3.277679 -1.44671 -0.1009387 -0.02211857 -0.9371895 0.05698065 -0.3434238
3.27685 -1.449024 -0.09578101 -0.02501771 -0.9367656 0.05951607 -0.343951
3.276249 -1.45151 -0.09124446 -0.02872223 -0.9365506 0.06325785 -0.3435791
3.275594 -1.453979 -0.08663635 -0.03196955 -0.9364125 0.06623629 -0.3431071
3.275433 -1.455687 -0.08117798 -0.0341827 -0.935975 0.0683125 -0.3436798
3.27455 -1.457458 -0.07555281 -0.03560862 -0.9355212 0.06981171 -0.3444685
3.27359 -1.458921 -0.06940091 -0.0361802 -0.9350709 0.06986532 -0.3456188
3.272296 -1.4602 -0.06272362 -0.03635788 -0.9348713 0.06835351 -0.3464414
3.27252 -1.461682 -0.05731184 -0.03779584 -0.9347452 0.06944634 -0.3464104
3.272978 -1.462681 -0.05186518 -0.03920886 -0.9351286 0.07062471 -0.3449773
3.274446 -1.463954 -0.04704858 -0.03960169 -0.9357527 0.07005616 -0.3433521
3.277022 -1.464983 -0.0429797 -0.04019552 -0.9366255 0.07162136 -0.340569
3.280241 -1.465692 -0.03944707 -0.0406622 -0.9377583 0.07387111 -0.3368962
3.28294 -1.465732 -0.03514572 -0.04027948 -0.9389518 0.07409457 -0.3335523
3.28636 -1.465784 -0.03181836 -0.03996441 -0.9400409 0.07481403 -0.3303463
3.289723 -1.465314 -0.02837827 -0.03944392 -0.940795 0.07677713 -0.3278023
3.293384 -1.464755 -0.02573421 -0.03891462 -0.9415879 0.07874965 -0.3251098
3.29678 -1.46386 -0.0229797 -0.03763292 -0.9423079 0.07926481 -0.3230427
3.29933 -1.463289 -0.01925113 -0.03556621 -0.9429835 0.07814669 -0.3215748
3.301884 -1.462206 -0.01623889 -0.03386212 -0.9435064 0.0763073 -0.3206655
3.304235 -1.46129 -0.01371358 -0.03300393 -0.9437138 0.07553649 -0.3203266
3.306466 -1.460541 -0.01170655 -0.03325588 -0.9437555 0.076059 -0.3200542
